# nurbs mesh v.2.1
#
# 09-Jan-2023
#
2 3 6 12 0 
PATCH 1 
1 1 
2 2 
0.000000000000000   0.000000000000000   1.000000000000000   1.000000000000000   
0.000000000000000   0.000000000000000   1.000000000000000   1.000000000000000   
0.000000000000000   0.000000000000000   0.000000000000000   0.000000000000000   
0.000000000000000   0.000000000000000   0.250000000000000   0.250000000000000   
0.000000000000000   0.250000000000000   0.000000000000000   0.250000000000000   
1.000000000000000   1.000000000000000   1.000000000000000   1.000000000000000   
PATCH 2 
1 1 
2 2 
0.000000000000000   0.000000000000000   1.000000000000000   1.000000000000000   
0.000000000000000   0.000000000000000   1.000000000000000   1.000000000000000   
0.250000000000000   0.250000000000000   0.250000000000000   0.250000000000000   
0.000000000000000   0.250000000000000   0.000000000000000   0.250000000000000   
0.000000000000000   0.000000000000000   0.250000000000000   0.250000000000000   
1.000000000000000   1.000000000000000   1.000000000000000   1.000000000000000   
PATCH 3 
1 1 
2 2 
0.000000000000000   0.000000000000000   1.000000000000000   1.000000000000000   
0.000000000000000   0.000000000000000   1.000000000000000   1.000000000000000   
0.000000000000000   0.250000000000000   0.000000000000000   0.250000000000000   
0.000000000000000   0.000000000000000   0.000000000000000   0.000000000000000   
0.000000000000000   0.000000000000000   0.250000000000000   0.250000000000000   
1.000000000000000   1.000000000000000   1.000000000000000   1.000000000000000   
PATCH 4 
1 1 
2 2 
0.000000000000000   0.000000000000000   1.000000000000000   1.000000000000000   
0.000000000000000   0.000000000000000   1.000000000000000   1.000000000000000   
0.000000000000000   0.000000000000000   0.250000000000000   0.250000000000000   
0.250000000000000   0.250000000000000   0.250000000000000   0.250000000000000   
0.000000000000000   0.250000000000000   0.000000000000000   0.250000000000000   
1.000000000000000   1.000000000000000   1.000000000000000   1.000000000000000   
PATCH 5 
1 1 
2 2 
0.000000000000000   0.000000000000000   1.000000000000000   1.000000000000000   
0.000000000000000   0.000000000000000   1.000000000000000   1.000000000000000   
0.000000000000000   0.000000000000000   0.250000000000000   0.250000000000000   
0.000000000000000   0.250000000000000   0.000000000000000   0.250000000000000   
0.000000000000000   0.000000000000000   0.000000000000000   0.000000000000000   
1.000000000000000   1.000000000000000   1.000000000000000   1.000000000000000   
PATCH 6 
1 1 
2 2 
0.000000000000000   0.000000000000000   1.000000000000000   1.000000000000000   
0.000000000000000   0.000000000000000   1.000000000000000   1.000000000000000   
0.000000000000000   0.250000000000000   0.000000000000000   0.250000000000000   
0.000000000000000   0.000000000000000   0.250000000000000   0.250000000000000   
0.250000000000000   0.250000000000000   0.250000000000000   0.250000000000000   
1.000000000000000   1.000000000000000   1.000000000000000   1.000000000000000   
INTERFACE 1 
1 1 
3 1 
1 
INTERFACE 2 
1 2 
4 1 
1 
INTERFACE 3 
1 3 
5 1 
1 
INTERFACE 4 
1 4 
6 1 
1 
INTERFACE 5 
2 1 
3 2 
1 
INTERFACE 6 
2 2 
4 2 
1 
INTERFACE 7 
2 3 
5 2 
1 
INTERFACE 8 
2 4 
6 2 
1 
INTERFACE 9 
3 3 
5 3 
1 
INTERFACE 10 
3 4 
6 3 
1 
INTERFACE 11 
4 3 
5 4 
1 
INTERFACE 12 
4 4 
6 4 
1 
