# nurbs mesh v.2.1
#
# 11-Aug-2021
#
2 3 5 4 0 
PATCH 1 
4 4 
5 5 
0.000000000000000   0.000000000000000   0.000000000000000   0.000000000000000   0.000000000000000   1.000000000000000   1.000000000000000   1.000000000000000   1.000000000000000   1.000000000000000   
0.000000000000000   0.000000000000000   0.000000000000000   0.000000000000000   0.000000000000000   1.000000000000000   1.000000000000000   1.000000000000000   1.000000000000000   1.000000000000000   
-2.343145750507620   -2.507516368185353   -2.558826361280317   -2.507516368185354   -2.343145750507620   -1.154700538379251   -1.252453104293569   -1.286777399330489   -1.252453104293571   -1.154700538379251   -0.000000000000000   -0.000000000000004   0.000000000000007   -0.000000000000002   -0.000000000000000   1.154700538379251   1.252453104293575   1.286777399330478   1.252453104293574   1.154700538379252   2.343145750507620   2.507516368185352   2.558826361280320   2.507516368185352   2.343145750507620   
-2.343145750507619   -1.154700538379251   0.000000000000000   1.154700538379253   2.343145750507621   -2.507516368185351   -1.252453104293575   0.000000000000003   1.252453104293573   2.507516368185353   -2.558826361280319   -1.286777399330479   0.000000000000001   1.286777399330480   2.558826361280318   -2.507516368185352   -1.252453104293575   -0.000000000000000   1.252453104293576   2.507516368185354   -2.343145750507620   -1.154700538379251   0.000000000000000   1.154700538379251   2.343145750507620   
3.313708498984761   3.546163655760253   3.618726943880425   3.546163655760254   3.313708498984760   3.546163655760253   3.942809041582046   4.074471099565208   3.942809041582052   3.546163655760252   3.618726943880425   4.074471099565208   4.228763833671734   4.074471099565204   3.618726943880425   3.546163655760254   3.942809041582047   4.074471099565203   3.942809041582048   3.546163655760254   3.313708498984761   3.546163655760253   3.618726943880425   3.546163655760254   3.313708498984760   
4.686291501015240   4.338624821467654   4.228763833671751   4.338624821467655   4.686291501015240   4.338624821467654   3.942809041582055   3.810317377662721   3.942809041582068   4.338624821467654   4.228763833671751   3.810317377662727   3.669563351363040   3.810317377662717   4.228763833671749   4.338624821467655   3.942809041582058   3.810317377662726   3.942809041582059   4.338624821467655   4.686291501015240   4.338624821467654   4.228763833671749   4.338624821467655   4.686291501015240   
PATCH 2 
4 4 
5 5 
0.000000000000000   0.000000000000000   0.000000000000000   0.000000000000000   0.000000000000000   1.000000000000000   1.000000000000000   1.000000000000000   1.000000000000000   1.000000000000000   
0.000000000000000   0.000000000000000   0.000000000000000   0.000000000000000   0.000000000000000   1.000000000000000   1.000000000000000   1.000000000000000   1.000000000000000   1.000000000000000   
-2.666666666666667   -2.947124574726769   -3.142696805273550   -3.265986323710902   -3.313708498984761   -2.822601316038170   -3.636435784595303   -3.936429791508911   -3.971197119306972   -4.000000000000000   -2.864197530864200   -3.911263423941838   -4.099703352371503   -4.206267384505679   -4.228763833671748   -2.822601316038170   -3.636435784595295   -3.936429791508916   -3.971197119306968   -3.999999999999999   -2.666666666666667   -2.947124574726771   -3.142696805273540   -3.265986323710906   -3.313708498984760   
-2.666666666666666   -2.947124574726768   -3.142696805273544   -3.265986323710905   -3.313708498984760   -1.283000598199167   -1.452340867985050   -1.576602454279304   -1.644923705673912   -1.656854249492380   0.000000000000001   0.000000000000001   0.000000000000002   -0.000000000000004   0.000000000000001   1.283000598199170   1.452340867985052   1.576602454279304   1.644923705673918   1.656854249492381   2.666666666666668   2.947124574726772   3.142696805273547   3.265986323710907   3.313708498984761   
3.771236166328253   2.815047713775539   1.885618083164125   0.956585246952402   0.000000000000000   3.991761062313327   2.476030138606883   1.314880547796837   0.478292623476196   0.000000000000000   4.050586993463675   2.389898715130016   1.112389186789655   0.318861748984140   0.000000000000000   3.991761062313330   2.476030138606879   1.314880547796842   0.478292623476192   -0.000000000000000   3.771236166328253   2.815047713775538   1.885618083164122   0.956585246952402   -0.000000000000001   
5.333333333333333   4.937663902501139   4.704793972278623   4.618802153517007   4.686291501015240   4.875402273156840   4.157134840263670   3.936429791508896   3.971197119306984   4.000000000000004   4.740740740740739   3.849001794597522   3.782349926633601   3.755328774570301   3.771236166328249   4.875402273156842   4.157134840263647   3.936429791508930   3.971197119306963   4.000000000000004   5.333333333333333   4.937663902501141   4.704793972278623   4.618802153517009   4.686291501015240   
PATCH 3 
4 4 
5 5 
0.000000000000000   0.000000000000000   0.000000000000000   0.000000000000000   0.000000000000000   1.000000000000000   1.000000000000000   1.000000000000000   1.000000000000000   1.000000000000000   
0.000000000000000   0.000000000000000   0.000000000000000   0.000000000000000   0.000000000000000   1.000000000000000   1.000000000000000   1.000000000000000   1.000000000000000   1.000000000000000   
-2.666666666666667   -2.947124574726769   -3.142696805273544   -3.265986323710905   -3.313708498984760   -1.283000598199168   -1.452340867985051   -1.576602454279305   -1.644923705673912   -1.656854249492380   0.000000000000000   0.000000000000001   0.000000000000002   -0.000000000000004   0.000000000000001   1.283000598199169   1.452340867985052   1.576602454279304   1.644923705673918   1.656854249492380   2.666666666666667   2.947124574726772   3.142696805273547   3.265986323710907   3.313708498984761   
2.666666666666667   2.947124574726769   3.142696805273551   3.265986323710902   3.313708498984761   2.822601316038170   3.636435784595303   3.936429791508911   3.971197119306972   4.000000000000000   2.864197530864200   3.911263423941838   4.099703352371503   4.206267384505679   4.228763833671748   2.822601316038171   3.636435784595296   3.936429791508916   3.971197119306968   3.999999999999999   2.666666666666667   2.947124574726772   3.142696805273540   3.265986323710906   3.313708498984760   
3.771236166328253   2.815047713775538   1.885618083164124   0.956585246952401   -0.000000000000001   3.991761062313327   2.476030138606882   1.314880547796836   0.478292623476196   -0.000000000000000   4.050586993463675   2.389898715130015   1.112389186789654   0.318861748984139   -0.000000000000000   3.991761062313330   2.476030138606879   1.314880547796842   0.478292623476192   -0.000000000000000   3.771236166328253   2.815047713775538   1.885618083164122   0.956585246952402   -0.000000000000001   
5.333333333333333   4.937663902501139   4.704793972278623   4.618802153517007   4.686291501015240   4.875402273156840   4.157134840263670   3.936429791508896   3.971197119306984   4.000000000000004   4.740740740740739   3.849001794597522   3.782349926633601   3.755328774570301   3.771236166328249   4.875402273156842   4.157134840263647   3.936429791508930   3.971197119306963   4.000000000000004   5.333333333333333   4.937663902501141   4.704793972278623   4.618802153517009   4.686291501015240   
PATCH 4 
4 4 
5 5 
0.000000000000000   0.000000000000000   0.000000000000000   0.000000000000000   0.000000000000000   1.000000000000000   1.000000000000000   1.000000000000000   1.000000000000000   1.000000000000000   
0.000000000000000   0.000000000000000   0.000000000000000   0.000000000000000   0.000000000000000   1.000000000000000   1.000000000000000   1.000000000000000   1.000000000000000   1.000000000000000   
2.666666666666667   2.947124574726769   3.142696805273550   3.265986323710902   3.313708498984761   2.822601316038170   3.636435784595303   3.936429791508911   3.971197119306972   4.000000000000000   2.864197530864200   3.911263423941838   4.099703352371503   4.206267384505679   4.228763833671748   2.822601316038170   3.636435784595295   3.936429791508916   3.971197119306968   3.999999999999999   2.666666666666667   2.947124574726771   3.142696805273540   3.265986323710906   3.313708498984760   
2.666666666666667   2.947124574726769   3.142696805273545   3.265986323710905   3.313708498984760   1.283000598199169   1.452340867985051   1.576602454279305   1.644923705673913   1.656854249492381   0.000000000000001   -0.000000000000000   -0.000000000000001   0.000000000000004   -0.000000000000001   -1.283000598199169   -1.452340867985052   -1.576602454279304   -1.644923705673918   -1.656854249492380   -2.666666666666667   -2.947124574726772   -3.142696805273546   -3.265986323710907   -3.313708498984761   
3.771236166328253   2.815047713775538   1.885618083164124   0.956585246952401   -0.000000000000001   3.991761062313327   2.476030138606883   1.314880547796837   0.478292623476196   -0.000000000000000   4.050586993463675   2.389898715130016   1.112389186789655   0.318861748984140   0.000000000000000   3.991761062313330   2.476030138606879   1.314880547796843   0.478292623476193   0.000000000000000   3.771236166328253   2.815047713775539   1.885618083164123   0.956585246952403   0.000000000000000   
5.333333333333333   4.937663902501139   4.704793972278623   4.618802153517007   4.686291501015240   4.875402273156840   4.157134840263670   3.936429791508896   3.971197119306984   4.000000000000004   4.740740740740739   3.849001794597522   3.782349926633601   3.755328774570301   3.771236166328249   4.875402273156842   4.157134840263647   3.936429791508930   3.971197119306963   4.000000000000004   5.333333333333333   4.937663902501141   4.704793972278623   4.618802153517009   4.686291501015240   
PATCH 5 
4 4 
5 5 
0.000000000000000   0.000000000000000   0.000000000000000   0.000000000000000   0.000000000000000   1.000000000000000   1.000000000000000   1.000000000000000   1.000000000000000   1.000000000000000   
0.000000000000000   0.000000000000000   0.000000000000000   0.000000000000000   0.000000000000000   1.000000000000000   1.000000000000000   1.000000000000000   1.000000000000000   1.000000000000000   
2.666666666666667   2.947124574726769   3.142696805273544   3.265986323710905   3.313708498984760   1.283000598199169   1.452340867985051   1.576602454279305   1.644923705673913   1.656854249492381   0.000000000000000   -0.000000000000000   -0.000000000000001   0.000000000000004   -0.000000000000000   -1.283000598199169   -1.452340867985052   -1.576602454279304   -1.644923705673917   -1.656854249492380   -2.666666666666667   -2.947124574726772   -3.142696805273547   -3.265986323710907   -3.313708498984761   
-2.666666666666666   -2.947124574726768   -3.142696805273550   -3.265986323710902   -3.313708498984761   -2.822601316038169   -3.636435784595302   -3.936429791508911   -3.971197119306972   -4.000000000000000   -2.864197530864200   -3.911263423941837   -4.099703352371503   -4.206267384505679   -4.228763833671748   -2.822601316038170   -3.636435784595295   -3.936429791508916   -3.971197119306968   -3.999999999999999   -2.666666666666666   -2.947124574726771   -3.142696805273539   -3.265986323710906   -3.313708498984760   
3.771236166328253   2.815047713775539   1.885618083164125   0.956585246952402   0.000000000000000   3.991761062313328   2.476030138606883   1.314880547796837   0.478292623476197   0.000000000000000   4.050586993463675   2.389898715130016   1.112389186789655   0.318861748984140   0.000000000000001   3.991761062313331   2.476030138606880   1.314880547796843   0.478292623476193   0.000000000000000   3.771236166328253   2.815047713775539   1.885618083164123   0.956585246952403   0.000000000000000   
5.333333333333333   4.937663902501139   4.704793972278623   4.618802153517007   4.686291501015240   4.875402273156840   4.157134840263670   3.936429791508896   3.971197119306984   4.000000000000004   4.740740740740739   3.849001794597522   3.782349926633601   3.755328774570301   3.771236166328249   4.875402273156842   4.157134840263647   3.936429791508930   3.971197119306963   4.000000000000004   5.333333333333333   4.937663902501141   4.704793972278623   4.618802153517009   4.686291501015240   