# nurbs mesh v.2.1
# pillbox.dat
# Generated by BEMBEL, see www.bembel.eu
#
2 3 14 0 0 
PATCH 0 
2 2 
3 3 
0.000000000000000   0.000000000000000   0.000000000000000   1.000000000000000   1.000000000000000   1.000000000000000   
0.000000000000000   0.000000000000000   0.000000000000000   1.000000000000000   1.000000000000000   1.000000000000000   
0.000000000000000   -0.250000000000000   -0.500000000000000   0.250000000000000   0.000000000000000   -0.250000000000000   0.500000000000000   0.250000000000000   0.000000000000000   
-0.500000000000000   -0.250000000000000   0.000000000000000   -0.250000000000000   0.000000000000000   0.250000000000000   0.000000000000000   0.250000000000000   0.500000000000000   
0.000000000000000   0.000000000000000   0.000000000000000   0.000000000000000   0.000000000000000   0.000000000000000   0.000000000000000   0.000000000000000   0.000000000000000   
1.000000000000000   1.000000000000000   1.000000000000000   1.000000000000000   1.000000000000000   1.000000000000000   1.000000000000000   1.000000000000000   1.000000000000000   
PATCH 1 
2 2 
3 3 
0.000000000000000   0.000000000000000   0.000000000000000   1.000000000000000   1.000000000000000   1.000000000000000   
0.000000000000000   0.000000000000000   0.000000000000000   1.000000000000000   1.000000000000000   1.000000000000000   
0.500000000000000   0.250000000000000   0.000000000000000   0.750000000000000   0.478553390593286   0.000000000000000   1.000000000000000   0.707106781186543   0.000000000000000   
0.000000000000000   0.250000000000000   0.500000000000000   0.000000000000000   0.478553390593286   0.750000000000000   0.000000000000000   0.707106781186543   1.000000000000000   
0.000000000000000   0.000000000000000   0.000000000000000   0.000000000000000   0.000000000000000   0.000000000000000   0.000000000000000   0.000000000000000   0.000000000000000   
1.000000000000000   1.000000000000000   1.000000000000000   1.000000000000000   0.853553390593274   1.000000000000000   1.000000000000000   0.707106781186548   1.000000000000000   
PATCH 2 
2 2 
3 3 
0.000000000000000   0.000000000000000   0.000000000000000   1.000000000000000   1.000000000000000   1.000000000000000   
0.000000000000000   0.000000000000000   0.000000000000000   1.000000000000000   1.000000000000000   1.000000000000000   
-0.500000000000000   -0.750000000000000   -1.000000000000000   -0.250000000000000   -0.478553390593286   -0.707106781186543   0.000000000000000   0.000000000000000   0.000000000000000   
0.000000000000000   0.000000000000000   0.000000000000000   0.250000000000000   0.478553390593286   0.707106781186543   0.500000000000000   0.750000000000000   1.000000000000000   
0.000000000000000   0.000000000000000   0.000000000000000   0.000000000000000   0.000000000000000   0.000000000000000   0.000000000000000   0.000000000000000   0.000000000000000   
1.000000000000000   1.000000000000000   1.000000000000000   1.000000000000000   0.853553390593274   0.707106781186548   1.000000000000000   1.000000000000000   1.000000000000000   
PATCH 3 
2 2 
3 3 
0.000000000000000   0.000000000000000   0.000000000000000   1.000000000000000   1.000000000000000   1.000000000000000   
0.000000000000000   0.000000000000000   0.000000000000000   1.000000000000000   1.000000000000000   1.000000000000000   
0.000000000000000   0.250000000000000   0.500000000000000   0.000000000000000   0.478553390593286   0.750000000000000   0.000000000000000   0.707106781186543   1.000000000000000   
-0.500000000000000   -0.250000000000000   0.000000000000000   -0.750000000000000   -0.478553390593286   -0.000000000000000   -1.000000000000000   -0.707106781186543   -0.000000000000000   
0.000000000000000   0.000000000000000   0.000000000000000   0.000000000000000   0.000000000000000   0.000000000000000   0.000000000000000   0.000000000000000   0.000000000000000   
1.000000000000000   1.000000000000000   1.000000000000000   1.000000000000000   0.853553390593274   1.000000000000000   1.000000000000000   0.707106781186548   1.000000000000000   
PATCH 4 
2 2 
3 3 
0.000000000000000   0.000000000000000   0.000000000000000   1.000000000000000   1.000000000000000   1.000000000000000   
0.000000000000000   0.000000000000000   0.000000000000000   1.000000000000000   1.000000000000000   1.000000000000000   
-0.000000000000000   -0.000000000000000   -0.000000000000000   -0.250000000000000   -0.478553390593286   -0.707106781186543   -0.500000000000000   -0.750000000000000   -1.000000000000000   
-0.500000000000000   -0.750000000000000   -1.000000000000000   -0.250000000000000   -0.478553390593286   -0.707106781186543   0.000000000000000   0.000000000000000   0.000000000000000   
0.000000000000000   0.000000000000000   0.000000000000000   0.000000000000000   0.000000000000000   0.000000000000000   0.000000000000000   0.000000000000000   0.000000000000000   
1.000000000000000   1.000000000000000   1.000000000000000   1.000000000000000   0.853553390593274   0.707106781186548   1.000000000000000   1.000000000000000   1.000000000000000   
PATCH 5 
2 2 
3 3 
0.000000000000000   0.000000000000000   0.000000000000000   1.000000000000000   1.000000000000000   1.000000000000000   
0.000000000000000   0.000000000000000   0.000000000000000   1.000000000000000   1.000000000000000   1.000000000000000   
0.000000000000000   0.250000000000000   0.500000000000000   -0.250000000000000   0.000000000000000   0.250000000000000   -0.500000000000000   -0.250000000000000   0.000000000000000   
-0.500000000000000   -0.250000000000000   0.000000000000000   -0.250000000000000   0.000000000000000   0.250000000000000   0.000000000000000   0.250000000000000   0.500000000000000   
2.000000000000000   2.000000000000000   2.000000000000000   2.000000000000000   2.000000000000000   2.000000000000000   2.000000000000000   2.000000000000000   2.000000000000000   
1.000000000000000   1.000000000000000   1.000000000000000   1.000000000000000   1.000000000000000   1.000000000000000   1.000000000000000   1.000000000000000   1.000000000000000   
PATCH 6 
2 2 
3 3 
0.000000000000000   0.000000000000000   0.000000000000000   1.000000000000000   1.000000000000000   1.000000000000000   
0.000000000000000   0.000000000000000   0.000000000000000   1.000000000000000   1.000000000000000   1.000000000000000   
0.500000000000000   0.750000000000000   1.000000000000000   0.250000000000000   0.478553390593286   0.707106781186543   0.000000000000000   0.000000000000000   0.000000000000000   
0.000000000000000   0.000000000000000   0.000000000000000   0.250000000000000   0.478553390593286   0.707106781186543   0.500000000000000   0.750000000000000   1.000000000000000   
2.000000000000000   2.000000000000000   2.000000000000000   2.000000000000000   1.707106781186548   1.414213562373096   2.000000000000000   2.000000000000000   2.000000000000000   
1.000000000000000   1.000000000000000   1.000000000000000   1.000000000000000   0.853553390593274   0.707106781186548   1.000000000000000   1.000000000000000   1.000000000000000   
PATCH 7 
2 2 
3 3 
0.000000000000000   0.000000000000000   0.000000000000000   1.000000000000000   1.000000000000000   1.000000000000000   
0.000000000000000   0.000000000000000   0.000000000000000   1.000000000000000   1.000000000000000   1.000000000000000   
-0.500000000000000   -0.250000000000000   0.000000000000000   -0.750000000000000   -0.478553390593286   0.000000000000000   -1.000000000000000   -0.707106781186543   0.000000000000000   
0.000000000000000   0.250000000000000   0.500000000000000   0.000000000000000   0.478553390593286   0.750000000000000   0.000000000000000   0.707106781186543   1.000000000000000   
2.000000000000000   2.000000000000000   2.000000000000000   2.000000000000000   1.707106781186548   2.000000000000000   2.000000000000000   1.414213562373096   2.000000000000000   
1.000000000000000   1.000000000000000   1.000000000000000   1.000000000000000   0.853553390593274   1.000000000000000   1.000000000000000   0.707106781186548   1.000000000000000   
PATCH 8 
2 2 
3 3 
0.000000000000000   0.000000000000000   0.000000000000000   1.000000000000000   1.000000000000000   1.000000000000000   
0.000000000000000   0.000000000000000   0.000000000000000   1.000000000000000   1.000000000000000   1.000000000000000   
0.000000000000000   0.000000000000000   0.000000000000000   0.250000000000000   0.478553390593286   0.707106781186543   0.500000000000000   0.750000000000000   1.000000000000000   
-0.500000000000000   -0.750000000000000   -1.000000000000000   -0.250000000000000   -0.478553390593286   -0.707106781186543   0.000000000000000   -0.000000000000000   -0.000000000000000   
2.000000000000000   2.000000000000000   2.000000000000000   2.000000000000000   1.707106781186548   1.414213562373096   2.000000000000000   2.000000000000000   2.000000000000000   
1.000000000000000   1.000000000000000   1.000000000000000   1.000000000000000   0.853553390593274   0.707106781186548   1.000000000000000   1.000000000000000   1.000000000000000   
PATCH 9 
2 2 
3 3 
0.000000000000000   0.000000000000000   0.000000000000000   1.000000000000000   1.000000000000000   1.000000000000000   
0.000000000000000   0.000000000000000   0.000000000000000   1.000000000000000   1.000000000000000   1.000000000000000   
-0.000000000000000   -0.250000000000000   -0.500000000000000   -0.000000000000000   -0.478553390593286   -0.750000000000000   -0.000000000000000   -0.707106781186543   -1.000000000000000   
-0.500000000000000   -0.250000000000000   0.000000000000000   -0.750000000000000   -0.478553390593286   0.000000000000000   -1.000000000000000   -0.707106781186543   0.000000000000000   
2.000000000000000   2.000000000000000   2.000000000000000   2.000000000000000   1.707106781186548   2.000000000000000   2.000000000000000   1.414213562373096   2.000000000000000   
1.000000000000000   1.000000000000000   1.000000000000000   1.000000000000000   0.853553390593274   1.000000000000000   1.000000000000000   0.707106781186548   1.000000000000000   
PATCH 10 
2 2 
3 3 
0.000000000000000   0.000000000000000   0.000000000000000   1.000000000000000   1.000000000000000   1.000000000000000   
0.000000000000000   0.000000000000000   0.000000000000000   1.000000000000000   1.000000000000000   1.000000000000000   
1.000000000000000   1.000000000000000   1.000000000000000   0.707106781186543   0.707106781186543   0.707106781186543   0.000000000000000   0.000000000000000   0.000000000000000   
0.000000000000000   0.000000000000000   0.000000000000000   0.707106781186543   0.707106781186543   0.707106781186543   1.000000000000000   1.000000000000000   1.000000000000000   
2.000000000000000   1.000000000000000   0.000000000000000   1.414213562373095   0.707106781186548   0.000000000000000   2.000000000000000   1.000000000000000   0.000000000000000   
1.000000000000000   1.000000000000000   1.000000000000000   0.707106781186548   0.707106781186548   0.707106781186548   1.000000000000000   1.000000000000000   1.000000000000000   
PATCH 11 
2 2 
3 3 
0.000000000000000   0.000000000000000   0.000000000000000   1.000000000000000   1.000000000000000   1.000000000000000   
0.000000000000000   0.000000000000000   0.000000000000000   1.000000000000000   1.000000000000000   1.000000000000000   
-1.000000000000000   -1.000000000000000   -1.000000000000000   -0.707106781186543   -0.707106781186543   -0.707106781186543   0.000000000000000   0.000000000000000   0.000000000000000   
0.000000000000000   0.000000000000000   0.000000000000000   0.707106781186543   0.707106781186543   0.707106781186543   1.000000000000000   1.000000000000000   1.000000000000000   
0.000000000000000   1.000000000000000   2.000000000000000   0.000000000000000   0.707106781186548   1.414213562373095   0.000000000000000   1.000000000000000   2.000000000000000   
1.000000000000000   1.000000000000000   1.000000000000000   0.707106781186548   0.707106781186548   0.707106781186548   1.000000000000000   1.000000000000000   1.000000000000000   
PATCH 12 
2 2 
3 3 
0.000000000000000   0.000000000000000   0.000000000000000   1.000000000000000   1.000000000000000   1.000000000000000   
0.000000000000000   0.000000000000000   0.000000000000000   1.000000000000000   1.000000000000000   1.000000000000000   
1.000000000000000   1.000000000000000   1.000000000000000   0.707106781186543   0.707106781186543   0.707106781186543   0.000000000000000   0.000000000000000   0.000000000000000   
-0.000000000000000   -0.000000000000000   -0.000000000000000   -0.707106781186543   -0.707106781186543   -0.707106781186543   -1.000000000000000   -1.000000000000000   -1.000000000000000   
0.000000000000000   1.000000000000000   2.000000000000000   0.000000000000000   0.707106781186548   1.414213562373095   0.000000000000000   1.000000000000000   2.000000000000000   
1.000000000000000   1.000000000000000   1.000000000000000   0.707106781186548   0.707106781186548   0.707106781186548   1.000000000000000   1.000000000000000   1.000000000000000   
PATCH 13 
2 2 
3 3 
0.000000000000000   0.000000000000000   0.000000000000000   1.000000000000000   1.000000000000000   1.000000000000000   
0.000000000000000   0.000000000000000   0.000000000000000   1.000000000000000   1.000000000000000   1.000000000000000   
-1.000000000000000   -1.000000000000000   -1.000000000000000   -0.707106781186543   -0.707106781186543   -0.707106781186543   0.000000000000000   0.000000000000000   0.000000000000000   
-0.000000000000000   -0.000000000000000   -0.000000000000000   -0.707106781186543   -0.707106781186543   -0.707106781186543   -1.000000000000000   -1.000000000000000   -1.000000000000000   
2.000000000000000   1.000000000000000   0.000000000000000   1.414213562373095   0.707106781186548   0.000000000000000   2.000000000000000   1.000000000000000   0.000000000000000   
1.000000000000000   1.000000000000000   1.000000000000000   0.707106781186548   0.707106781186548   0.707106781186548   1.000000000000000   1.000000000000000   1.000000000000000   
