# nurbs mesh v.2.1
#
# 24-Jan-2020
#
2 3 82 164 0 
PATCH 1 
1 2 
2 3 
0.000000000000000   0.000000000000000   1.000000000000000   1.000000000000000   
0.000000000000000   0.000000000000000   0.000000000000000   1.000000000000000   1.000000000000000   1.000000000000000   
0.676776695296637   0.676776695296637   0.603553390593274   0.603553390593274   0.676776695296637   0.676776695296637   
0.323223304703363   0.323223304703363   0.353553390593274   0.353553390593274   0.676776695296637   0.676776695296637   
0.000000000000000   1.000000000000000   0.000000000000000   0.707106781186547   0.000000000000000   1.000000000000000   
1.000000000000000   1.000000000000000   0.707106781186547   0.707106781186547   1.000000000000000   1.000000000000000   
PATCH 2 
2 1 
3 2 
0.000000000000000   0.000000000000000   0.000000000000000   1.000000000000000   1.000000000000000   1.000000000000000   
0.000000000000000   0.000000000000000   1.000000000000000   1.000000000000000   
0.676776695296637   0.603553390593274   0.676776695296637   1.000000000000000   1.000000000000000   1.000000000000000   
0.323223304703363   0.353553390593274   0.676776695296637   0.000000000000000   0.500000000000000   1.000000000000000   
0.000000000000000   0.000000000000000   0.000000000000000   0.000000000000000   0.000000000000000   0.000000000000000   
1.000000000000000   0.707106781186547   1.000000000000000   1.000000000000000   1.000000000000000   1.000000000000000   
PATCH 3 
1 2 
2 3 
0.000000000000000   0.000000000000000   1.000000000000000   1.000000000000000   
0.000000000000000   0.000000000000000   0.000000000000000   1.000000000000000   1.000000000000000   1.000000000000000   
0.676776695296637   1.000000000000000   0.603553390593274   1.000000000000000   0.676776695296637   1.000000000000000   
0.323223304703363   0.000000000000000   0.353553390593274   0.500000000000000   0.676776695296637   1.000000000000000   
1.000000000000000   1.000000000000000   0.707106781186547   1.000000000000000   1.000000000000000   1.000000000000000   
1.000000000000000   1.000000000000000   0.707106781186547   1.000000000000000   1.000000000000000   1.000000000000000   
PATCH 4 
1 2 
2 3 
0.000000000000000   0.000000000000000   1.000000000000000   1.000000000000000   
0.000000000000000   0.000000000000000   0.000000000000000   1.000000000000000   1.000000000000000   1.000000000000000   
0.676776695296637   0.676776695296637   0.353553390593274   0.353553390593274   0.323223304703363   0.323223304703363   
0.676776695296637   0.676776695296637   0.603553390593274   0.603553390593274   0.676776695296637   0.676776695296637   
0.000000000000000   1.000000000000000   0.000000000000000   0.707106781186547   0.000000000000000   1.000000000000000   
1.000000000000000   1.000000000000000   0.707106781186547   0.707106781186547   1.000000000000000   1.000000000000000   
PATCH 5 
2 1 
3 2 
0.000000000000000   0.000000000000000   0.000000000000000   1.000000000000000   1.000000000000000   1.000000000000000   
0.000000000000000   0.000000000000000   1.000000000000000   1.000000000000000   
0.676776695296637   0.353553390593274   0.323223304703363   1.000000000000000   0.500000000000000   0.000000000000000   
0.676776695296637   0.603553390593274   0.676776695296637   1.000000000000000   1.000000000000000   1.000000000000000   
0.000000000000000   0.000000000000000   0.000000000000000   0.000000000000000   0.000000000000000   0.000000000000000   
1.000000000000000   0.707106781186547   1.000000000000000   1.000000000000000   1.000000000000000   1.000000000000000   
PATCH 6 
1 2 
2 3 
0.000000000000000   0.000000000000000   1.000000000000000   1.000000000000000   
0.000000000000000   0.000000000000000   0.000000000000000   1.000000000000000   1.000000000000000   1.000000000000000   
0.676776695296637   1.000000000000000   0.353553390593274   0.500000000000000   0.323223304703363   0.000000000000000   
0.676776695296637   1.000000000000000   0.603553390593274   1.000000000000000   0.676776695296637   1.000000000000000   
1.000000000000000   1.000000000000000   0.707106781186547   1.000000000000000   1.000000000000000   1.000000000000000   
1.000000000000000   1.000000000000000   0.707106781186547   1.000000000000000   1.000000000000000   1.000000000000000   
PATCH 7 
1 2 
2 3 
0.000000000000000   0.000000000000000   1.000000000000000   1.000000000000000   
0.000000000000000   0.000000000000000   0.000000000000000   1.000000000000000   1.000000000000000   1.000000000000000   
0.323223304703363   0.323223304703363   0.103553390593274   0.103553390593274   0.323223304703363   0.323223304703363   
0.676776695296637   0.676776695296637   0.353553390593274   0.353553390593274   0.323223304703363   0.323223304703363   
0.000000000000000   1.000000000000000   0.000000000000000   0.707106781186547   0.000000000000000   1.000000000000000   
1.000000000000000   1.000000000000000   0.707106781186547   0.707106781186547   1.000000000000000   1.000000000000000   
PATCH 8 
2 1 
3 2 
0.000000000000000   0.000000000000000   0.000000000000000   1.000000000000000   1.000000000000000   1.000000000000000   
0.000000000000000   0.000000000000000   1.000000000000000   1.000000000000000   
0.000000000000000   0.000000000000000   0.000000000000000   0.000000000000000   0.000000000000000   0.000000000000000   
1.000000000000000   0.500000000000000   0.000000000000000   1.000000000000000   0.500000000000000   0.000000000000000   
0.000000000000000   0.000000000000000   0.000000000000000   1.000000000000000   1.000000000000000   1.000000000000000   
1.000000000000000   1.000000000000000   1.000000000000000   1.000000000000000   1.000000000000000   1.000000000000000   
PATCH 9 
2 1 
3 2 
0.000000000000000   0.000000000000000   0.000000000000000   1.000000000000000   1.000000000000000   1.000000000000000   
0.000000000000000   0.000000000000000   1.000000000000000   1.000000000000000   
0.323223304703363   0.103553390593274   0.323223304703363   0.000000000000000   0.000000000000000   0.000000000000000   
0.676776695296637   0.353553390593274   0.323223304703363   1.000000000000000   0.500000000000000   0.000000000000000   
0.000000000000000   0.000000000000000   0.000000000000000   0.000000000000000   0.000000000000000   0.000000000000000   
1.000000000000000   0.707106781186547   1.000000000000000   1.000000000000000   1.000000000000000   1.000000000000000   
PATCH 10 
1 2 
2 3 
0.000000000000000   0.000000000000000   1.000000000000000   1.000000000000000   
0.000000000000000   0.000000000000000   0.000000000000000   1.000000000000000   1.000000000000000   1.000000000000000   
0.323223304703363   0.000000000000000   0.103553390593274   0.000000000000000   0.323223304703363   0.000000000000000   
0.676776695296637   1.000000000000000   0.353553390593274   0.500000000000000   0.323223304703363   0.000000000000000   
1.000000000000000   1.000000000000000   0.707106781186547   1.000000000000000   1.000000000000000   1.000000000000000   
1.000000000000000   1.000000000000000   0.707106781186547   1.000000000000000   1.000000000000000   1.000000000000000   
PATCH 11 
1 2 
2 3 
0.000000000000000   0.000000000000000   1.000000000000000   1.000000000000000   
0.000000000000000   0.000000000000000   0.000000000000000   1.000000000000000   1.000000000000000   1.000000000000000   
0.323223304703363   0.323223304703363   0.353553390593274   0.353553390593274   0.676776695296637   0.676776695296637   
0.323223304703363   0.323223304703363   0.103553390593274   0.103553390593274   0.323223304703363   0.323223304703363   
0.000000000000000   1.000000000000000   0.000000000000000   0.707106781186547   0.000000000000000   1.000000000000000   
1.000000000000000   1.000000000000000   0.707106781186547   0.707106781186547   1.000000000000000   1.000000000000000   
PATCH 12 
2 1 
3 2 
0.000000000000000   0.000000000000000   0.000000000000000   1.000000000000000   1.000000000000000   1.000000000000000   
0.000000000000000   0.000000000000000   1.000000000000000   1.000000000000000   
0.000000000000000   0.500000000000000   1.000000000000000   0.000000000000000   0.500000000000000   1.000000000000000   
0.000000000000000   0.000000000000000   0.000000000000000   0.000000000000000   0.000000000000000   0.000000000000000   
0.000000000000000   0.000000000000000   0.000000000000000   1.000000000000000   1.000000000000000   1.000000000000000   
1.000000000000000   1.000000000000000   1.000000000000000   1.000000000000000   1.000000000000000   1.000000000000000   
PATCH 13 
2 1 
3 2 
0.000000000000000   0.000000000000000   0.000000000000000   1.000000000000000   1.000000000000000   1.000000000000000   
0.000000000000000   0.000000000000000   1.000000000000000   1.000000000000000   
0.323223304703363   0.353553390593274   0.676776695296637   0.000000000000000   0.500000000000000   1.000000000000000   
0.323223304703363   0.103553390593274   0.323223304703363   0.000000000000000   0.000000000000000   0.000000000000000   
0.000000000000000   0.000000000000000   0.000000000000000   0.000000000000000   0.000000000000000   0.000000000000000   
1.000000000000000   0.707106781186547   1.000000000000000   1.000000000000000   1.000000000000000   1.000000000000000   
PATCH 14 
1 2 
2 3 
0.000000000000000   0.000000000000000   1.000000000000000   1.000000000000000   
0.000000000000000   0.000000000000000   0.000000000000000   1.000000000000000   1.000000000000000   1.000000000000000   
0.323223304703363   0.000000000000000   0.353553390593274   0.500000000000000   0.676776695296637   1.000000000000000   
0.323223304703363   0.000000000000000   0.103553390593274   0.000000000000000   0.323223304703363   0.000000000000000   
1.000000000000000   1.000000000000000   0.707106781186547   1.000000000000000   1.000000000000000   1.000000000000000   
1.000000000000000   1.000000000000000   0.707106781186547   1.000000000000000   1.000000000000000   1.000000000000000   
PATCH 15 
1 2 
2 3 
0.000000000000000   0.000000000000000   1.000000000000000   1.000000000000000   
0.000000000000000   0.000000000000000   0.000000000000000   1.000000000000000   1.000000000000000   1.000000000000000   
0.676776695296637   0.676776695296637   0.603553390593274   0.603553390593274   0.676776695296637   0.676776695296637   
1.323223304703363   1.323223304703363   1.060660171779821   1.060660171779821   1.676776695296637   1.676776695296637   
0.000000000000000   1.000000000000000   0.000000000000000   0.707106781186547   0.000000000000000   1.000000000000000   
1.000000000000000   1.000000000000000   0.707106781186547   0.707106781186547   1.000000000000000   1.000000000000000   
PATCH 16 
2 1 
3 2 
0.000000000000000   0.000000000000000   0.000000000000000   1.000000000000000   1.000000000000000   1.000000000000000   
0.000000000000000   0.000000000000000   1.000000000000000   1.000000000000000   
0.676776695296637   0.603553390593274   0.676776695296637   1.000000000000000   1.000000000000000   1.000000000000000   
1.323223304703363   1.060660171779821   1.676776695296637   1.000000000000000   1.500000000000000   2.000000000000000   
0.000000000000000   0.000000000000000   0.000000000000000   0.000000000000000   0.000000000000000   0.000000000000000   
1.000000000000000   0.707106781186547   1.000000000000000   1.000000000000000   1.000000000000000   1.000000000000000   
PATCH 17 
1 2 
2 3 
0.000000000000000   0.000000000000000   1.000000000000000   1.000000000000000   
0.000000000000000   0.000000000000000   0.000000000000000   1.000000000000000   1.000000000000000   1.000000000000000   
0.676776695296637   1.000000000000000   0.603553390593274   1.000000000000000   0.676776695296637   1.000000000000000   
1.323223304703363   1.000000000000000   1.060660171779821   1.500000000000000   1.676776695296637   2.000000000000000   
1.000000000000000   1.000000000000000   0.707106781186547   1.000000000000000   1.000000000000000   1.000000000000000   
1.000000000000000   1.000000000000000   0.707106781186547   1.000000000000000   1.000000000000000   1.000000000000000   
PATCH 18 
1 2 
2 3 
0.000000000000000   0.000000000000000   1.000000000000000   1.000000000000000   
0.000000000000000   0.000000000000000   0.000000000000000   1.000000000000000   1.000000000000000   1.000000000000000   
0.676776695296637   0.676776695296637   0.353553390593274   0.353553390593274   0.323223304703363   0.323223304703363   
1.676776695296637   1.676776695296637   1.310660171779821   1.310660171779821   1.676776695296637   1.676776695296637   
0.000000000000000   1.000000000000000   0.000000000000000   0.707106781186547   0.000000000000000   1.000000000000000   
1.000000000000000   1.000000000000000   0.707106781186547   0.707106781186547   1.000000000000000   1.000000000000000   
PATCH 19 
2 1 
3 2 
0.000000000000000   0.000000000000000   0.000000000000000   1.000000000000000   1.000000000000000   1.000000000000000   
0.000000000000000   0.000000000000000   1.000000000000000   1.000000000000000   
1.000000000000000   0.500000000000000   0.000000000000000   1.000000000000000   0.500000000000000   0.000000000000000   
2.000000000000000   2.000000000000000   2.000000000000000   2.000000000000000   2.000000000000000   2.000000000000000   
0.000000000000000   0.000000000000000   0.000000000000000   1.000000000000000   1.000000000000000   1.000000000000000   
1.000000000000000   1.000000000000000   1.000000000000000   1.000000000000000   1.000000000000000   1.000000000000000   
PATCH 20 
2 1 
3 2 
0.000000000000000   0.000000000000000   0.000000000000000   1.000000000000000   1.000000000000000   1.000000000000000   
0.000000000000000   0.000000000000000   1.000000000000000   1.000000000000000   
0.676776695296637   0.353553390593274   0.323223304703363   1.000000000000000   0.500000000000000   0.000000000000000   
1.676776695296637   1.310660171779821   1.676776695296637   2.000000000000000   2.000000000000000   2.000000000000000   
0.000000000000000   0.000000000000000   0.000000000000000   0.000000000000000   0.000000000000000   0.000000000000000   
1.000000000000000   0.707106781186547   1.000000000000000   1.000000000000000   1.000000000000000   1.000000000000000   
PATCH 21 
1 2 
2 3 
0.000000000000000   0.000000000000000   1.000000000000000   1.000000000000000   
0.000000000000000   0.000000000000000   0.000000000000000   1.000000000000000   1.000000000000000   1.000000000000000   
0.676776695296637   1.000000000000000   0.353553390593274   0.500000000000000   0.323223304703363   0.000000000000000   
1.676776695296637   2.000000000000000   1.310660171779821   2.000000000000000   1.676776695296637   2.000000000000000   
1.000000000000000   1.000000000000000   0.707106781186547   1.000000000000000   1.000000000000000   1.000000000000000   
1.000000000000000   1.000000000000000   0.707106781186547   1.000000000000000   1.000000000000000   1.000000000000000   
PATCH 22 
1 2 
2 3 
0.000000000000000   0.000000000000000   1.000000000000000   1.000000000000000   
0.000000000000000   0.000000000000000   0.000000000000000   1.000000000000000   1.000000000000000   1.000000000000000   
0.323223304703363   0.323223304703363   0.103553390593274   0.103553390593274   0.323223304703363   0.323223304703363   
1.676776695296637   1.676776695296637   1.060660171779821   1.060660171779821   1.323223304703363   1.323223304703363   
0.000000000000000   1.000000000000000   0.000000000000000   0.707106781186547   0.000000000000000   1.000000000000000   
1.000000000000000   1.000000000000000   0.707106781186547   0.707106781186547   1.000000000000000   1.000000000000000   
PATCH 23 
2 1 
3 2 
0.000000000000000   0.000000000000000   0.000000000000000   1.000000000000000   1.000000000000000   1.000000000000000   
0.000000000000000   0.000000000000000   1.000000000000000   1.000000000000000   
0.000000000000000   0.000000000000000   0.000000000000000   0.000000000000000   0.000000000000000   0.000000000000000   
2.000000000000000   1.500000000000000   1.000000000000000   2.000000000000000   1.500000000000000   1.000000000000000   
0.000000000000000   0.000000000000000   0.000000000000000   1.000000000000000   1.000000000000000   1.000000000000000   
1.000000000000000   1.000000000000000   1.000000000000000   1.000000000000000   1.000000000000000   1.000000000000000   
PATCH 24 
2 1 
3 2 
0.000000000000000   0.000000000000000   0.000000000000000   1.000000000000000   1.000000000000000   1.000000000000000   
0.000000000000000   0.000000000000000   1.000000000000000   1.000000000000000   
0.323223304703363   0.103553390593274   0.323223304703363   0.000000000000000   0.000000000000000   0.000000000000000   
1.676776695296637   1.060660171779821   1.323223304703363   2.000000000000000   1.500000000000000   1.000000000000000   
0.000000000000000   0.000000000000000   0.000000000000000   0.000000000000000   0.000000000000000   0.000000000000000   
1.000000000000000   0.707106781186547   1.000000000000000   1.000000000000000   1.000000000000000   1.000000000000000   
PATCH 25 
1 2 
2 3 
0.000000000000000   0.000000000000000   1.000000000000000   1.000000000000000   
0.000000000000000   0.000000000000000   0.000000000000000   1.000000000000000   1.000000000000000   1.000000000000000   
0.323223304703363   0.000000000000000   0.103553390593274   0.000000000000000   0.323223304703363   0.000000000000000   
1.676776695296637   2.000000000000000   1.060660171779821   1.500000000000000   1.323223304703363   1.000000000000000   
1.000000000000000   1.000000000000000   0.707106781186547   1.000000000000000   1.000000000000000   1.000000000000000   
1.000000000000000   1.000000000000000   0.707106781186547   1.000000000000000   1.000000000000000   1.000000000000000   
PATCH 26 
1 2 
2 3 
0.000000000000000   0.000000000000000   1.000000000000000   1.000000000000000   
0.000000000000000   0.000000000000000   0.000000000000000   1.000000000000000   1.000000000000000   1.000000000000000   
0.323223304703363   0.323223304703363   0.353553390593274   0.353553390593274   0.676776695296637   0.676776695296637   
1.323223304703363   1.323223304703363   0.810660171779821   0.810660171779821   1.323223304703363   1.323223304703363   
0.000000000000000   1.000000000000000   0.000000000000000   0.707106781186547   0.000000000000000   1.000000000000000   
1.000000000000000   1.000000000000000   0.707106781186547   0.707106781186547   1.000000000000000   1.000000000000000   
PATCH 27 
2 1 
3 2 
0.000000000000000   0.000000000000000   0.000000000000000   1.000000000000000   1.000000000000000   1.000000000000000   
0.000000000000000   0.000000000000000   1.000000000000000   1.000000000000000   
0.323223304703363   0.353553390593274   0.676776695296637   0.000000000000000   0.500000000000000   1.000000000000000   
1.323223304703363   0.810660171779821   1.323223304703363   1.000000000000000   1.000000000000000   1.000000000000000   
0.000000000000000   0.000000000000000   0.000000000000000   0.000000000000000   0.000000000000000   0.000000000000000   
1.000000000000000   0.707106781186547   1.000000000000000   1.000000000000000   1.000000000000000   1.000000000000000   
PATCH 28 
1 2 
2 3 
0.000000000000000   0.000000000000000   1.000000000000000   1.000000000000000   
0.000000000000000   0.000000000000000   0.000000000000000   1.000000000000000   1.000000000000000   1.000000000000000   
0.323223304703363   0.000000000000000   0.353553390593274   0.500000000000000   0.676776695296637   1.000000000000000   
1.323223304703363   1.000000000000000   0.810660171779821   1.000000000000000   1.323223304703363   1.000000000000000   
1.000000000000000   1.000000000000000   0.707106781186547   1.000000000000000   1.000000000000000   1.000000000000000   
1.000000000000000   1.000000000000000   0.707106781186547   1.000000000000000   1.000000000000000   1.000000000000000   
PATCH 29 
1 2 
2 3 
0.000000000000000   0.000000000000000   1.000000000000000   1.000000000000000   
0.000000000000000   0.000000000000000   0.000000000000000   1.000000000000000   1.000000000000000   1.000000000000000   
1.676776695296637   1.676776695296637   1.310660171779821   1.310660171779821   1.676776695296637   1.676776695296637   
0.323223304703363   0.323223304703363   0.353553390593274   0.353553390593274   0.676776695296637   0.676776695296637   
0.000000000000000   1.000000000000000   0.000000000000000   0.707106781186547   0.000000000000000   1.000000000000000   
1.000000000000000   1.000000000000000   0.707106781186547   0.707106781186547   1.000000000000000   1.000000000000000   
PATCH 30 
2 1 
3 2 
0.000000000000000   0.000000000000000   0.000000000000000   1.000000000000000   1.000000000000000   1.000000000000000   
0.000000000000000   0.000000000000000   1.000000000000000   1.000000000000000   
1.676776695296637   1.310660171779821   1.676776695296637   2.000000000000000   2.000000000000000   2.000000000000000   
0.323223304703363   0.353553390593274   0.676776695296637   0.000000000000000   0.500000000000000   1.000000000000000   
0.000000000000000   0.000000000000000   0.000000000000000   0.000000000000000   0.000000000000000   0.000000000000000   
1.000000000000000   0.707106781186547   1.000000000000000   1.000000000000000   1.000000000000000   1.000000000000000   
PATCH 31 
1 2 
2 3 
0.000000000000000   0.000000000000000   1.000000000000000   1.000000000000000   
0.000000000000000   0.000000000000000   0.000000000000000   1.000000000000000   1.000000000000000   1.000000000000000   
1.676776695296637   2.000000000000000   1.310660171779821   2.000000000000000   1.676776695296637   2.000000000000000   
0.323223304703363   0.000000000000000   0.353553390593274   0.500000000000000   0.676776695296637   1.000000000000000   
1.000000000000000   1.000000000000000   0.707106781186547   1.000000000000000   1.000000000000000   1.000000000000000   
1.000000000000000   1.000000000000000   0.707106781186547   1.000000000000000   1.000000000000000   1.000000000000000   
PATCH 32 
1 2 
2 3 
0.000000000000000   0.000000000000000   1.000000000000000   1.000000000000000   
0.000000000000000   0.000000000000000   0.000000000000000   1.000000000000000   1.000000000000000   1.000000000000000   
1.676776695296637   1.676776695296637   1.060660171779821   1.060660171779821   1.323223304703363   1.323223304703363   
0.676776695296637   0.676776695296637   0.603553390593274   0.603553390593274   0.676776695296637   0.676776695296637   
0.000000000000000   1.000000000000000   0.000000000000000   0.707106781186547   0.000000000000000   1.000000000000000   
1.000000000000000   1.000000000000000   0.707106781186547   0.707106781186547   1.000000000000000   1.000000000000000   
PATCH 33 
2 1 
3 2 
0.000000000000000   0.000000000000000   0.000000000000000   1.000000000000000   1.000000000000000   1.000000000000000   
0.000000000000000   0.000000000000000   1.000000000000000   1.000000000000000   
1.676776695296637   1.060660171779821   1.323223304703363   2.000000000000000   1.500000000000000   1.000000000000000   
0.676776695296637   0.603553390593274   0.676776695296637   1.000000000000000   1.000000000000000   1.000000000000000   
0.000000000000000   0.000000000000000   0.000000000000000   0.000000000000000   0.000000000000000   0.000000000000000   
1.000000000000000   0.707106781186547   1.000000000000000   1.000000000000000   1.000000000000000   1.000000000000000   
PATCH 34 
1 2 
2 3 
0.000000000000000   0.000000000000000   1.000000000000000   1.000000000000000   
0.000000000000000   0.000000000000000   0.000000000000000   1.000000000000000   1.000000000000000   1.000000000000000   
1.676776695296637   2.000000000000000   1.060660171779821   1.500000000000000   1.323223304703363   1.000000000000000   
0.676776695296637   1.000000000000000   0.603553390593274   1.000000000000000   0.676776695296637   1.000000000000000   
1.000000000000000   1.000000000000000   0.707106781186547   1.000000000000000   1.000000000000000   1.000000000000000   
1.000000000000000   1.000000000000000   0.707106781186547   1.000000000000000   1.000000000000000   1.000000000000000   
PATCH 35 
1 2 
2 3 
0.000000000000000   0.000000000000000   1.000000000000000   1.000000000000000   
0.000000000000000   0.000000000000000   0.000000000000000   1.000000000000000   1.000000000000000   1.000000000000000   
1.323223304703363   1.323223304703363   0.810660171779821   0.810660171779821   1.323223304703363   1.323223304703363   
0.676776695296637   0.676776695296637   0.353553390593274   0.353553390593274   0.323223304703363   0.323223304703363   
0.000000000000000   1.000000000000000   0.000000000000000   0.707106781186547   0.000000000000000   1.000000000000000   
1.000000000000000   1.000000000000000   0.707106781186547   0.707106781186547   1.000000000000000   1.000000000000000   
PATCH 36 
2 1 
3 2 
0.000000000000000   0.000000000000000   0.000000000000000   1.000000000000000   1.000000000000000   1.000000000000000   
0.000000000000000   0.000000000000000   1.000000000000000   1.000000000000000   
1.323223304703363   0.810660171779821   1.323223304703363   1.000000000000000   1.000000000000000   1.000000000000000   
0.676776695296637   0.353553390593274   0.323223304703363   1.000000000000000   0.500000000000000   0.000000000000000   
0.000000000000000   0.000000000000000   0.000000000000000   0.000000000000000   0.000000000000000   0.000000000000000   
1.000000000000000   0.707106781186547   1.000000000000000   1.000000000000000   1.000000000000000   1.000000000000000   
PATCH 37 
1 2 
2 3 
0.000000000000000   0.000000000000000   1.000000000000000   1.000000000000000   
0.000000000000000   0.000000000000000   0.000000000000000   1.000000000000000   1.000000000000000   1.000000000000000   
1.323223304703363   1.000000000000000   0.810660171779821   1.000000000000000   1.323223304703363   1.000000000000000   
0.676776695296637   1.000000000000000   0.353553390593274   0.500000000000000   0.323223304703363   0.000000000000000   
1.000000000000000   1.000000000000000   0.707106781186547   1.000000000000000   1.000000000000000   1.000000000000000   
1.000000000000000   1.000000000000000   0.707106781186547   1.000000000000000   1.000000000000000   1.000000000000000   
PATCH 38 
1 2 
2 3 
0.000000000000000   0.000000000000000   1.000000000000000   1.000000000000000   
0.000000000000000   0.000000000000000   0.000000000000000   1.000000000000000   1.000000000000000   1.000000000000000   
1.323223304703363   1.323223304703363   1.060660171779821   1.060660171779821   1.676776695296637   1.676776695296637   
0.323223304703363   0.323223304703363   0.103553390593274   0.103553390593274   0.323223304703363   0.323223304703363   
0.000000000000000   1.000000000000000   0.000000000000000   0.707106781186547   0.000000000000000   1.000000000000000   
1.000000000000000   1.000000000000000   0.707106781186547   0.707106781186547   1.000000000000000   1.000000000000000   
PATCH 39 
2 1 
3 2 
0.000000000000000   0.000000000000000   0.000000000000000   1.000000000000000   1.000000000000000   1.000000000000000   
0.000000000000000   0.000000000000000   1.000000000000000   1.000000000000000   
1.000000000000000   1.500000000000000   2.000000000000000   1.000000000000000   1.500000000000000   2.000000000000000   
0.000000000000000   0.000000000000000   0.000000000000000   0.000000000000000   0.000000000000000   0.000000000000000   
0.000000000000000   0.000000000000000   0.000000000000000   1.000000000000000   1.000000000000000   1.000000000000000   
1.000000000000000   1.000000000000000   1.000000000000000   1.000000000000000   1.000000000000000   1.000000000000000   
PATCH 40 
2 1 
3 2 
0.000000000000000   0.000000000000000   0.000000000000000   1.000000000000000   1.000000000000000   1.000000000000000   
0.000000000000000   0.000000000000000   1.000000000000000   1.000000000000000   
1.323223304703363   1.060660171779821   1.676776695296637   1.000000000000000   1.500000000000000   2.000000000000000   
0.323223304703363   0.103553390593274   0.323223304703363   0.000000000000000   0.000000000000000   0.000000000000000   
0.000000000000000   0.000000000000000   0.000000000000000   0.000000000000000   0.000000000000000   0.000000000000000   
1.000000000000000   0.707106781186547   1.000000000000000   1.000000000000000   1.000000000000000   1.000000000000000   
PATCH 41 
1 2 
2 3 
0.000000000000000   0.000000000000000   1.000000000000000   1.000000000000000   
0.000000000000000   0.000000000000000   0.000000000000000   1.000000000000000   1.000000000000000   1.000000000000000   
1.323223304703363   1.000000000000000   1.060660171779821   1.500000000000000   1.676776695296637   2.000000000000000   
0.323223304703363   0.000000000000000   0.103553390593274   0.000000000000000   0.323223304703363   0.000000000000000   
1.000000000000000   1.000000000000000   0.707106781186547   1.000000000000000   1.000000000000000   1.000000000000000   
1.000000000000000   1.000000000000000   0.707106781186547   1.000000000000000   1.000000000000000   1.000000000000000   
PATCH 42 
1 2 
2 3 
0.000000000000000   0.000000000000000   1.000000000000000   1.000000000000000   
0.000000000000000   0.000000000000000   0.000000000000000   1.000000000000000   1.000000000000000   1.000000000000000   
1.676776695296637   1.676776695296637   1.310660171779821   1.310660171779821   1.676776695296637   1.676776695296637   
1.323223304703363   1.323223304703363   1.060660171779821   1.060660171779821   1.676776695296637   1.676776695296637   
0.000000000000000   1.000000000000000   0.000000000000000   0.707106781186547   0.000000000000000   1.000000000000000   
1.000000000000000   1.000000000000000   0.707106781186547   0.707106781186547   1.000000000000000   1.000000000000000   
PATCH 43 
2 1 
3 2 
0.000000000000000   0.000000000000000   0.000000000000000   1.000000000000000   1.000000000000000   1.000000000000000   
0.000000000000000   0.000000000000000   1.000000000000000   1.000000000000000   
1.676776695296637   1.310660171779821   1.676776695296637   2.000000000000000   2.000000000000000   2.000000000000000   
1.323223304703363   1.060660171779821   1.676776695296637   1.000000000000000   1.500000000000000   2.000000000000000   
0.000000000000000   0.000000000000000   0.000000000000000   0.000000000000000   0.000000000000000   0.000000000000000   
1.000000000000000   0.707106781186547   1.000000000000000   1.000000000000000   1.000000000000000   1.000000000000000   
PATCH 44 
1 2 
2 3 
0.000000000000000   0.000000000000000   1.000000000000000   1.000000000000000   
0.000000000000000   0.000000000000000   0.000000000000000   1.000000000000000   1.000000000000000   1.000000000000000   
1.676776695296637   2.000000000000000   1.310660171779821   2.000000000000000   1.676776695296637   2.000000000000000   
1.323223304703363   1.000000000000000   1.060660171779821   1.500000000000000   1.676776695296637   2.000000000000000   
1.000000000000000   1.000000000000000   0.707106781186547   1.000000000000000   1.000000000000000   1.000000000000000   
1.000000000000000   1.000000000000000   0.707106781186547   1.000000000000000   1.000000000000000   1.000000000000000   
PATCH 45 
1 2 
2 3 
0.000000000000000   0.000000000000000   1.000000000000000   1.000000000000000   
0.000000000000000   0.000000000000000   0.000000000000000   1.000000000000000   1.000000000000000   1.000000000000000   
1.676776695296637   1.676776695296637   1.060660171779821   1.060660171779821   1.323223304703363   1.323223304703363   
1.676776695296637   1.676776695296637   1.310660171779821   1.310660171779821   1.676776695296637   1.676776695296637   
0.000000000000000   1.000000000000000   0.000000000000000   0.707106781186547   0.000000000000000   1.000000000000000   
1.000000000000000   1.000000000000000   0.707106781186547   0.707106781186547   1.000000000000000   1.000000000000000   
PATCH 46 
2 1 
3 2 
0.000000000000000   0.000000000000000   0.000000000000000   1.000000000000000   1.000000000000000   1.000000000000000   
0.000000000000000   0.000000000000000   1.000000000000000   1.000000000000000   
2.000000000000000   1.500000000000000   1.000000000000000   2.000000000000000   1.500000000000000   1.000000000000000   
2.000000000000000   2.000000000000000   2.000000000000000   2.000000000000000   2.000000000000000   2.000000000000000   
0.000000000000000   0.000000000000000   0.000000000000000   1.000000000000000   1.000000000000000   1.000000000000000   
1.000000000000000   1.000000000000000   1.000000000000000   1.000000000000000   1.000000000000000   1.000000000000000   
PATCH 47 
2 1 
3 2 
0.000000000000000   0.000000000000000   0.000000000000000   1.000000000000000   1.000000000000000   1.000000000000000   
0.000000000000000   0.000000000000000   1.000000000000000   1.000000000000000   
1.676776695296637   1.060660171779821   1.323223304703363   2.000000000000000   1.500000000000000   1.000000000000000   
1.676776695296637   1.310660171779821   1.676776695296637   2.000000000000000   2.000000000000000   2.000000000000000   
0.000000000000000   0.000000000000000   0.000000000000000   0.000000000000000   0.000000000000000   0.000000000000000   
1.000000000000000   0.707106781186547   1.000000000000000   1.000000000000000   1.000000000000000   1.000000000000000   
PATCH 48 
1 2 
2 3 
0.000000000000000   0.000000000000000   1.000000000000000   1.000000000000000   
0.000000000000000   0.000000000000000   0.000000000000000   1.000000000000000   1.000000000000000   1.000000000000000   
1.676776695296637   2.000000000000000   1.060660171779821   1.500000000000000   1.323223304703363   1.000000000000000   
1.676776695296637   2.000000000000000   1.310660171779821   2.000000000000000   1.676776695296637   2.000000000000000   
1.000000000000000   1.000000000000000   0.707106781186547   1.000000000000000   1.000000000000000   1.000000000000000   
1.000000000000000   1.000000000000000   0.707106781186547   1.000000000000000   1.000000000000000   1.000000000000000   
PATCH 49 
1 2 
2 3 
0.000000000000000   0.000000000000000   1.000000000000000   1.000000000000000   
0.000000000000000   0.000000000000000   0.000000000000000   1.000000000000000   1.000000000000000   1.000000000000000   
1.323223304703363   1.323223304703363   0.810660171779821   0.810660171779821   1.323223304703363   1.323223304703363   
1.676776695296637   1.676776695296637   1.060660171779821   1.060660171779821   1.323223304703363   1.323223304703363   
0.000000000000000   1.000000000000000   0.000000000000000   0.707106781186547   0.000000000000000   1.000000000000000   
1.000000000000000   1.000000000000000   0.707106781186547   0.707106781186547   1.000000000000000   1.000000000000000   
PATCH 50 
2 1 
3 2 
0.000000000000000   0.000000000000000   0.000000000000000   1.000000000000000   1.000000000000000   1.000000000000000   
0.000000000000000   0.000000000000000   1.000000000000000   1.000000000000000   
1.323223304703363   0.810660171779821   1.323223304703363   1.000000000000000   1.000000000000000   1.000000000000000   
1.676776695296637   1.060660171779821   1.323223304703363   2.000000000000000   1.500000000000000   1.000000000000000   
0.000000000000000   0.000000000000000   0.000000000000000   0.000000000000000   0.000000000000000   0.000000000000000   
1.000000000000000   0.707106781186547   1.000000000000000   1.000000000000000   1.000000000000000   1.000000000000000   
PATCH 51 
1 2 
2 3 
0.000000000000000   0.000000000000000   1.000000000000000   1.000000000000000   
0.000000000000000   0.000000000000000   0.000000000000000   1.000000000000000   1.000000000000000   1.000000000000000   
1.323223304703363   1.000000000000000   0.810660171779821   1.000000000000000   1.323223304703363   1.000000000000000   
1.676776695296637   2.000000000000000   1.060660171779821   1.500000000000000   1.323223304703363   1.000000000000000   
1.000000000000000   1.000000000000000   0.707106781186547   1.000000000000000   1.000000000000000   1.000000000000000   
1.000000000000000   1.000000000000000   0.707106781186547   1.000000000000000   1.000000000000000   1.000000000000000   
PATCH 52 
1 2 
2 3 
0.000000000000000   0.000000000000000   1.000000000000000   1.000000000000000   
0.000000000000000   0.000000000000000   0.000000000000000   1.000000000000000   1.000000000000000   1.000000000000000   
1.323223304703363   1.323223304703363   1.060660171779821   1.060660171779821   1.676776695296637   1.676776695296637   
1.323223304703363   1.323223304703363   0.810660171779821   0.810660171779821   1.323223304703363   1.323223304703363   
0.000000000000000   1.000000000000000   0.000000000000000   0.707106781186547   0.000000000000000   1.000000000000000   
1.000000000000000   1.000000000000000   0.707106781186547   0.707106781186547   1.000000000000000   1.000000000000000   
PATCH 53 
2 1 
3 2 
0.000000000000000   0.000000000000000   0.000000000000000   1.000000000000000   1.000000000000000   1.000000000000000   
0.000000000000000   0.000000000000000   1.000000000000000   1.000000000000000   
1.323223304703363   1.060660171779821   1.676776695296637   1.000000000000000   1.500000000000000   2.000000000000000   
1.323223304703363   0.810660171779821   1.323223304703363   1.000000000000000   1.000000000000000   1.000000000000000   
0.000000000000000   0.000000000000000   0.000000000000000   0.000000000000000   0.000000000000000   0.000000000000000   
1.000000000000000   0.707106781186547   1.000000000000000   1.000000000000000   1.000000000000000   1.000000000000000   
PATCH 54 
1 2 
2 3 
0.000000000000000   0.000000000000000   1.000000000000000   1.000000000000000   
0.000000000000000   0.000000000000000   0.000000000000000   1.000000000000000   1.000000000000000   1.000000000000000   
1.323223304703363   1.000000000000000   1.060660171779821   1.500000000000000   1.676776695296637   2.000000000000000   
1.323223304703363   1.000000000000000   0.810660171779821   1.000000000000000   1.323223304703363   1.000000000000000   
1.000000000000000   1.000000000000000   0.707106781186547   1.000000000000000   1.000000000000000   1.000000000000000   
1.000000000000000   1.000000000000000   0.707106781186547   1.000000000000000   1.000000000000000   1.000000000000000   
PATCH 55 
1 2 
2 3 
0.000000000000000   0.000000000000000   1.000000000000000   1.000000000000000   
0.000000000000000   0.000000000000000   0.000000000000000   1.000000000000000   1.000000000000000   1.000000000000000   
2.676776695296637   2.676776695296637   2.017766952966369   2.017766952966369   2.676776695296637   2.676776695296637   
0.323223304703363   0.323223304703363   0.353553390593274   0.353553390593274   0.676776695296637   0.676776695296637   
0.000000000000000   1.000000000000000   0.000000000000000   0.707106781186547   0.000000000000000   1.000000000000000   
1.000000000000000   1.000000000000000   0.707106781186547   0.707106781186547   1.000000000000000   1.000000000000000   
PATCH 56 
2 1 
3 2 
0.000000000000000   0.000000000000000   0.000000000000000   1.000000000000000   1.000000000000000   1.000000000000000   
0.000000000000000   0.000000000000000   1.000000000000000   1.000000000000000   
3.000000000000000   3.000000000000000   3.000000000000000   3.000000000000000   3.000000000000000   3.000000000000000   
0.000000000000000   0.500000000000000   1.000000000000000   0.000000000000000   0.500000000000000   1.000000000000000   
0.000000000000000   0.000000000000000   0.000000000000000   1.000000000000000   1.000000000000000   1.000000000000000   
1.000000000000000   1.000000000000000   1.000000000000000   1.000000000000000   1.000000000000000   1.000000000000000   
PATCH 57 
2 1 
3 2 
0.000000000000000   0.000000000000000   0.000000000000000   1.000000000000000   1.000000000000000   1.000000000000000   
0.000000000000000   0.000000000000000   1.000000000000000   1.000000000000000   
2.676776695296637   2.017766952966369   2.676776695296637   3.000000000000000   3.000000000000000   3.000000000000000   
0.323223304703363   0.353553390593274   0.676776695296637   0.000000000000000   0.500000000000000   1.000000000000000   
0.000000000000000   0.000000000000000   0.000000000000000   0.000000000000000   0.000000000000000   0.000000000000000   
1.000000000000000   0.707106781186547   1.000000000000000   1.000000000000000   1.000000000000000   1.000000000000000   
PATCH 58 
1 2 
2 3 
0.000000000000000   0.000000000000000   1.000000000000000   1.000000000000000   
0.000000000000000   0.000000000000000   0.000000000000000   1.000000000000000   1.000000000000000   1.000000000000000   
2.676776695296637   3.000000000000000   2.017766952966369   3.000000000000000   2.676776695296637   3.000000000000000   
0.323223304703363   0.000000000000000   0.353553390593274   0.500000000000000   0.676776695296637   1.000000000000000   
1.000000000000000   1.000000000000000   0.707106781186547   1.000000000000000   1.000000000000000   1.000000000000000   
1.000000000000000   1.000000000000000   0.707106781186547   1.000000000000000   1.000000000000000   1.000000000000000   
PATCH 59 
1 2 
2 3 
0.000000000000000   0.000000000000000   1.000000000000000   1.000000000000000   
0.000000000000000   0.000000000000000   0.000000000000000   1.000000000000000   1.000000000000000   1.000000000000000   
2.676776695296637   2.676776695296637   1.767766952966369   1.767766952966369   2.323223304703363   2.323223304703363   
0.676776695296637   0.676776695296637   0.603553390593274   0.603553390593274   0.676776695296637   0.676776695296637   
0.000000000000000   1.000000000000000   0.000000000000000   0.707106781186547   0.000000000000000   1.000000000000000   
1.000000000000000   1.000000000000000   0.707106781186547   0.707106781186547   1.000000000000000   1.000000000000000   
PATCH 60 
2 1 
3 2 
0.000000000000000   0.000000000000000   0.000000000000000   1.000000000000000   1.000000000000000   1.000000000000000   
0.000000000000000   0.000000000000000   1.000000000000000   1.000000000000000   
2.676776695296637   1.767766952966369   2.323223304703363   3.000000000000000   2.500000000000000   2.000000000000000   
0.676776695296637   0.603553390593274   0.676776695296637   1.000000000000000   1.000000000000000   1.000000000000000   
0.000000000000000   0.000000000000000   0.000000000000000   0.000000000000000   0.000000000000000   0.000000000000000   
1.000000000000000   0.707106781186547   1.000000000000000   1.000000000000000   1.000000000000000   1.000000000000000   
PATCH 61 
1 2 
2 3 
0.000000000000000   0.000000000000000   1.000000000000000   1.000000000000000   
0.000000000000000   0.000000000000000   0.000000000000000   1.000000000000000   1.000000000000000   1.000000000000000   
2.676776695296637   3.000000000000000   1.767766952966369   2.500000000000000   2.323223304703363   2.000000000000000   
0.676776695296637   1.000000000000000   0.603553390593274   1.000000000000000   0.676776695296637   1.000000000000000   
1.000000000000000   1.000000000000000   0.707106781186547   1.000000000000000   1.000000000000000   1.000000000000000   
1.000000000000000   1.000000000000000   0.707106781186547   1.000000000000000   1.000000000000000   1.000000000000000   
PATCH 62 
1 2 
2 3 
0.000000000000000   0.000000000000000   1.000000000000000   1.000000000000000   
0.000000000000000   0.000000000000000   0.000000000000000   1.000000000000000   1.000000000000000   1.000000000000000   
2.323223304703363   2.323223304703363   1.517766952966369   1.517766952966369   2.323223304703363   2.323223304703363   
0.676776695296637   0.676776695296637   0.353553390593274   0.353553390593274   0.323223304703363   0.323223304703363   
0.000000000000000   1.000000000000000   0.000000000000000   0.707106781186547   0.000000000000000   1.000000000000000   
1.000000000000000   1.000000000000000   0.707106781186547   0.707106781186547   1.000000000000000   1.000000000000000   
PATCH 63 
2 1 
3 2 
0.000000000000000   0.000000000000000   0.000000000000000   1.000000000000000   1.000000000000000   1.000000000000000   
0.000000000000000   0.000000000000000   1.000000000000000   1.000000000000000   
2.323223304703363   1.517766952966369   2.323223304703363   2.000000000000000   2.000000000000000   2.000000000000000   
0.676776695296637   0.353553390593274   0.323223304703363   1.000000000000000   0.500000000000000   0.000000000000000   
0.000000000000000   0.000000000000000   0.000000000000000   0.000000000000000   0.000000000000000   0.000000000000000   
1.000000000000000   0.707106781186547   1.000000000000000   1.000000000000000   1.000000000000000   1.000000000000000   
PATCH 64 
1 2 
2 3 
0.000000000000000   0.000000000000000   1.000000000000000   1.000000000000000   
0.000000000000000   0.000000000000000   0.000000000000000   1.000000000000000   1.000000000000000   1.000000000000000   
2.323223304703363   2.000000000000000   1.517766952966369   2.000000000000000   2.323223304703363   2.000000000000000   
0.676776695296637   1.000000000000000   0.353553390593274   0.500000000000000   0.323223304703363   0.000000000000000   
1.000000000000000   1.000000000000000   0.707106781186547   1.000000000000000   1.000000000000000   1.000000000000000   
1.000000000000000   1.000000000000000   0.707106781186547   1.000000000000000   1.000000000000000   1.000000000000000   
PATCH 65 
1 2 
2 3 
0.000000000000000   0.000000000000000   1.000000000000000   1.000000000000000   
0.000000000000000   0.000000000000000   0.000000000000000   1.000000000000000   1.000000000000000   1.000000000000000   
2.323223304703363   2.323223304703363   1.767766952966369   1.767766952966369   2.676776695296637   2.676776695296637   
0.323223304703363   0.323223304703363   0.103553390593274   0.103553390593274   0.323223304703363   0.323223304703363   
0.000000000000000   1.000000000000000   0.000000000000000   0.707106781186547   0.000000000000000   1.000000000000000   
1.000000000000000   1.000000000000000   0.707106781186547   0.707106781186547   1.000000000000000   1.000000000000000   
PATCH 66 
2 1 
3 2 
0.000000000000000   0.000000000000000   0.000000000000000   1.000000000000000   1.000000000000000   1.000000000000000   
0.000000000000000   0.000000000000000   1.000000000000000   1.000000000000000   
2.000000000000000   2.500000000000000   3.000000000000000   2.000000000000000   2.500000000000000   3.000000000000000   
0.000000000000000   0.000000000000000   0.000000000000000   0.000000000000000   0.000000000000000   0.000000000000000   
0.000000000000000   0.000000000000000   0.000000000000000   1.000000000000000   1.000000000000000   1.000000000000000   
1.000000000000000   1.000000000000000   1.000000000000000   1.000000000000000   1.000000000000000   1.000000000000000   
PATCH 67 
2 1 
3 2 
0.000000000000000   0.000000000000000   0.000000000000000   1.000000000000000   1.000000000000000   1.000000000000000   
0.000000000000000   0.000000000000000   1.000000000000000   1.000000000000000   
2.323223304703363   1.767766952966369   2.676776695296637   2.000000000000000   2.500000000000000   3.000000000000000   
0.323223304703363   0.103553390593274   0.323223304703363   0.000000000000000   0.000000000000000   0.000000000000000   
0.000000000000000   0.000000000000000   0.000000000000000   0.000000000000000   0.000000000000000   0.000000000000000   
1.000000000000000   0.707106781186547   1.000000000000000   1.000000000000000   1.000000000000000   1.000000000000000   
PATCH 68 
1 2 
2 3 
0.000000000000000   0.000000000000000   1.000000000000000   1.000000000000000   
0.000000000000000   0.000000000000000   0.000000000000000   1.000000000000000   1.000000000000000   1.000000000000000   
2.323223304703363   2.000000000000000   1.767766952966369   2.500000000000000   2.676776695296637   3.000000000000000   
0.323223304703363   0.000000000000000   0.103553390593274   0.000000000000000   0.323223304703363   0.000000000000000   
1.000000000000000   1.000000000000000   0.707106781186547   1.000000000000000   1.000000000000000   1.000000000000000   
1.000000000000000   1.000000000000000   0.707106781186547   1.000000000000000   1.000000000000000   1.000000000000000   
PATCH 69 
1 2 
2 3 
0.000000000000000   0.000000000000000   1.000000000000000   1.000000000000000   
0.000000000000000   0.000000000000000   0.000000000000000   1.000000000000000   1.000000000000000   1.000000000000000   
2.676776695296637   2.676776695296637   2.017766952966369   2.017766952966369   2.676776695296637   2.676776695296637   
1.323223304703363   1.323223304703363   1.060660171779821   1.060660171779821   1.676776695296637   1.676776695296637   
0.000000000000000   1.000000000000000   0.000000000000000   0.707106781186547   0.000000000000000   1.000000000000000   
1.000000000000000   1.000000000000000   0.707106781186547   0.707106781186547   1.000000000000000   1.000000000000000   
PATCH 70 
2 1 
3 2 
0.000000000000000   0.000000000000000   0.000000000000000   1.000000000000000   1.000000000000000   1.000000000000000   
0.000000000000000   0.000000000000000   1.000000000000000   1.000000000000000   
3.000000000000000   3.000000000000000   3.000000000000000   3.000000000000000   3.000000000000000   3.000000000000000   
1.000000000000000   1.500000000000000   2.000000000000000   1.000000000000000   1.500000000000000   2.000000000000000   
0.000000000000000   0.000000000000000   0.000000000000000   1.000000000000000   1.000000000000000   1.000000000000000   
1.000000000000000   1.000000000000000   1.000000000000000   1.000000000000000   1.000000000000000   1.000000000000000   
PATCH 71 
2 1 
3 2 
0.000000000000000   0.000000000000000   0.000000000000000   1.000000000000000   1.000000000000000   1.000000000000000   
0.000000000000000   0.000000000000000   1.000000000000000   1.000000000000000   
2.676776695296637   2.017766952966369   2.676776695296637   3.000000000000000   3.000000000000000   3.000000000000000   
1.323223304703363   1.060660171779821   1.676776695296637   1.000000000000000   1.500000000000000   2.000000000000000   
0.000000000000000   0.000000000000000   0.000000000000000   0.000000000000000   0.000000000000000   0.000000000000000   
1.000000000000000   0.707106781186547   1.000000000000000   1.000000000000000   1.000000000000000   1.000000000000000   
PATCH 72 
1 2 
2 3 
0.000000000000000   0.000000000000000   1.000000000000000   1.000000000000000   
0.000000000000000   0.000000000000000   0.000000000000000   1.000000000000000   1.000000000000000   1.000000000000000   
2.676776695296637   3.000000000000000   2.017766952966369   3.000000000000000   2.676776695296637   3.000000000000000   
1.323223304703363   1.000000000000000   1.060660171779821   1.500000000000000   1.676776695296637   2.000000000000000   
1.000000000000000   1.000000000000000   0.707106781186547   1.000000000000000   1.000000000000000   1.000000000000000   
1.000000000000000   1.000000000000000   0.707106781186547   1.000000000000000   1.000000000000000   1.000000000000000   
PATCH 73 
1 2 
2 3 
0.000000000000000   0.000000000000000   1.000000000000000   1.000000000000000   
0.000000000000000   0.000000000000000   0.000000000000000   1.000000000000000   1.000000000000000   1.000000000000000   
2.676776695296637   2.676776695296637   1.767766952966369   1.767766952966369   2.323223304703363   2.323223304703363   
1.676776695296637   1.676776695296637   1.310660171779821   1.310660171779821   1.676776695296637   1.676776695296637   
0.000000000000000   1.000000000000000   0.000000000000000   0.707106781186547   0.000000000000000   1.000000000000000   
1.000000000000000   1.000000000000000   0.707106781186547   0.707106781186547   1.000000000000000   1.000000000000000   
PATCH 74 
2 1 
3 2 
0.000000000000000   0.000000000000000   0.000000000000000   1.000000000000000   1.000000000000000   1.000000000000000   
0.000000000000000   0.000000000000000   1.000000000000000   1.000000000000000   
3.000000000000000   2.500000000000000   2.000000000000000   3.000000000000000   2.500000000000000   2.000000000000000   
2.000000000000000   2.000000000000000   2.000000000000000   2.000000000000000   2.000000000000000   2.000000000000000   
0.000000000000000   0.000000000000000   0.000000000000000   1.000000000000000   1.000000000000000   1.000000000000000   
1.000000000000000   1.000000000000000   1.000000000000000   1.000000000000000   1.000000000000000   1.000000000000000   
PATCH 75 
2 1 
3 2 
0.000000000000000   0.000000000000000   0.000000000000000   1.000000000000000   1.000000000000000   1.000000000000000   
0.000000000000000   0.000000000000000   1.000000000000000   1.000000000000000   
2.676776695296637   1.767766952966369   2.323223304703363   3.000000000000000   2.500000000000000   2.000000000000000   
1.676776695296637   1.310660171779821   1.676776695296637   2.000000000000000   2.000000000000000   2.000000000000000   
0.000000000000000   0.000000000000000   0.000000000000000   0.000000000000000   0.000000000000000   0.000000000000000   
1.000000000000000   0.707106781186547   1.000000000000000   1.000000000000000   1.000000000000000   1.000000000000000   
PATCH 76 
1 2 
2 3 
0.000000000000000   0.000000000000000   1.000000000000000   1.000000000000000   
0.000000000000000   0.000000000000000   0.000000000000000   1.000000000000000   1.000000000000000   1.000000000000000   
2.676776695296637   3.000000000000000   1.767766952966369   2.500000000000000   2.323223304703363   2.000000000000000   
1.676776695296637   2.000000000000000   1.310660171779821   2.000000000000000   1.676776695296637   2.000000000000000   
1.000000000000000   1.000000000000000   0.707106781186547   1.000000000000000   1.000000000000000   1.000000000000000   
1.000000000000000   1.000000000000000   0.707106781186547   1.000000000000000   1.000000000000000   1.000000000000000   
PATCH 77 
1 2 
2 3 
0.000000000000000   0.000000000000000   1.000000000000000   1.000000000000000   
0.000000000000000   0.000000000000000   0.000000000000000   1.000000000000000   1.000000000000000   1.000000000000000   
2.323223304703363   2.323223304703363   1.517766952966369   1.517766952966369   2.323223304703363   2.323223304703363   
1.676776695296637   1.676776695296637   1.060660171779821   1.060660171779821   1.323223304703363   1.323223304703363   
0.000000000000000   1.000000000000000   0.000000000000000   0.707106781186547   0.000000000000000   1.000000000000000   
1.000000000000000   1.000000000000000   0.707106781186547   0.707106781186547   1.000000000000000   1.000000000000000   
PATCH 78 
2 1 
3 2 
0.000000000000000   0.000000000000000   0.000000000000000   1.000000000000000   1.000000000000000   1.000000000000000   
0.000000000000000   0.000000000000000   1.000000000000000   1.000000000000000   
2.323223304703363   1.517766952966369   2.323223304703363   2.000000000000000   2.000000000000000   2.000000000000000   
1.676776695296637   1.060660171779821   1.323223304703363   2.000000000000000   1.500000000000000   1.000000000000000   
0.000000000000000   0.000000000000000   0.000000000000000   0.000000000000000   0.000000000000000   0.000000000000000   
1.000000000000000   0.707106781186547   1.000000000000000   1.000000000000000   1.000000000000000   1.000000000000000   
PATCH 79 
1 2 
2 3 
0.000000000000000   0.000000000000000   1.000000000000000   1.000000000000000   
0.000000000000000   0.000000000000000   0.000000000000000   1.000000000000000   1.000000000000000   1.000000000000000   
2.323223304703363   2.000000000000000   1.517766952966369   2.000000000000000   2.323223304703363   2.000000000000000   
1.676776695296637   2.000000000000000   1.060660171779821   1.500000000000000   1.323223304703363   1.000000000000000   
1.000000000000000   1.000000000000000   0.707106781186547   1.000000000000000   1.000000000000000   1.000000000000000   
1.000000000000000   1.000000000000000   0.707106781186547   1.000000000000000   1.000000000000000   1.000000000000000   
PATCH 80 
1 2 
2 3 
0.000000000000000   0.000000000000000   1.000000000000000   1.000000000000000   
0.000000000000000   0.000000000000000   0.000000000000000   1.000000000000000   1.000000000000000   1.000000000000000   
2.323223304703363   2.323223304703363   1.767766952966369   1.767766952966369   2.676776695296637   2.676776695296637   
1.323223304703363   1.323223304703363   0.810660171779821   0.810660171779821   1.323223304703363   1.323223304703363   
0.000000000000000   1.000000000000000   0.000000000000000   0.707106781186547   0.000000000000000   1.000000000000000   
1.000000000000000   1.000000000000000   0.707106781186547   0.707106781186547   1.000000000000000   1.000000000000000   
PATCH 81 
2 1 
3 2 
0.000000000000000   0.000000000000000   0.000000000000000   1.000000000000000   1.000000000000000   1.000000000000000   
0.000000000000000   0.000000000000000   1.000000000000000   1.000000000000000   
2.323223304703363   1.767766952966369   2.676776695296637   2.000000000000000   2.500000000000000   3.000000000000000   
1.323223304703363   0.810660171779821   1.323223304703363   1.000000000000000   1.000000000000000   1.000000000000000   
0.000000000000000   0.000000000000000   0.000000000000000   0.000000000000000   0.000000000000000   0.000000000000000   
1.000000000000000   0.707106781186547   1.000000000000000   1.000000000000000   1.000000000000000   1.000000000000000   
PATCH 82 
1 2 
2 3 
0.000000000000000   0.000000000000000   1.000000000000000   1.000000000000000   
0.000000000000000   0.000000000000000   0.000000000000000   1.000000000000000   1.000000000000000   1.000000000000000   
2.323223304703363   2.000000000000000   1.767766952966369   2.500000000000000   2.676776695296637   3.000000000000000   
1.323223304703363   1.000000000000000   0.810660171779821   1.000000000000000   1.323223304703363   1.000000000000000   
1.000000000000000   1.000000000000000   0.707106781186547   1.000000000000000   1.000000000000000   1.000000000000000   
1.000000000000000   1.000000000000000   0.707106781186547   1.000000000000000   1.000000000000000   1.000000000000000   
INTERFACE 1 
1 1 
2 3 
1 
INTERFACE 2 
1 2 
3 1 
1 
INTERFACE 3 
1 3 
11 4 
1 
INTERFACE 4 
1 4 
4 3 
1 
INTERFACE 5 
2 1 
13 2 
1 
INTERFACE 6 
2 2 
5 1 
1 
INTERFACE 7 
2 4 
36 4 
-1 
INTERFACE 8 
3 2 
37 2 
-1 
INTERFACE 9 
3 3 
14 4 
1 
INTERFACE 10 
3 4 
6 3 
1 
INTERFACE 11 
4 1 
5 3 
1 
INTERFACE 12 
4 2 
6 1 
1 
INTERFACE 13 
4 4 
7 3 
1 
INTERFACE 14 
5 2 
9 1 
1 
INTERFACE 15 
5 4 
27 4 
-1 
INTERFACE 16 
6 2 
28 2 
-1 
INTERFACE 17 
6 4 
10 3 
1 
INTERFACE 18 
7 1 
9 3 
1 
INTERFACE 19 
7 2 
10 1 
1 
INTERFACE 20 
7 4 
11 3 
1 
INTERFACE 21 
8 1 
23 2 
1 
INTERFACE 22 
8 2 
12 1 
1 
INTERFACE 23 
8 3 
9 4 
1 
INTERFACE 24 
8 4 
10 2 
1 
INTERFACE 25 
9 2 
13 1 
1 
INTERFACE 26 
10 4 
14 3 
1 
INTERFACE 27 
11 1 
13 3 
1 
INTERFACE 28 
11 2 
14 1 
1 
INTERFACE 29 
12 2 
39 1 
1 
INTERFACE 30 
12 3 
13 4 
1 
INTERFACE 31 
12 4 
14 2 
1 
INTERFACE 32 
15 1 
16 3 
1 
INTERFACE 33 
15 2 
17 1 
1 
INTERFACE 34 
15 3 
26 4 
1 
INTERFACE 35 
15 4 
18 3 
1 
INTERFACE 36 
16 1 
27 2 
1 
INTERFACE 37 
16 2 
20 1 
1 
INTERFACE 38 
16 4 
50 4 
-1 
INTERFACE 39 
17 2 
51 2 
-1 
INTERFACE 40 
17 3 
28 4 
1 
INTERFACE 41 
17 4 
21 3 
1 
INTERFACE 42 
18 1 
20 3 
1 
INTERFACE 43 
18 2 
21 1 
1 
INTERFACE 44 
18 4 
22 3 
1 
INTERFACE 45 
19 1 
46 2 
1 
INTERFACE 46 
19 2 
23 1 
1 
INTERFACE 47 
19 3 
20 4 
1 
INTERFACE 48 
19 4 
21 2 
1 
INTERFACE 49 
20 2 
24 1 
1 
INTERFACE 50 
21 4 
25 3 
1 
INTERFACE 51 
22 1 
24 3 
1 
INTERFACE 52 
22 2 
25 1 
1 
INTERFACE 53 
22 4 
26 3 
1 
INTERFACE 54 
23 3 
24 4 
1 
INTERFACE 55 
23 4 
25 2 
1 
INTERFACE 56 
24 2 
27 1 
1 
INTERFACE 57 
25 4 
28 3 
1 
INTERFACE 58 
26 1 
27 3 
1 
INTERFACE 59 
26 2 
28 1 
1 
INTERFACE 60 
29 1 
30 3 
1 
INTERFACE 61 
29 2 
31 1 
1 
INTERFACE 62 
29 3 
38 4 
1 
INTERFACE 63 
29 4 
32 3 
1 
INTERFACE 64 
30 1 
40 2 
1 
INTERFACE 65 
30 2 
33 1 
1 
INTERFACE 66 
30 4 
63 4 
-1 
INTERFACE 67 
31 2 
64 2 
-1 
INTERFACE 68 
31 3 
41 4 
1 
INTERFACE 69 
31 4 
34 3 
1 
INTERFACE 70 
32 1 
33 3 
1 
INTERFACE 71 
32 2 
34 1 
1 
INTERFACE 72 
32 4 
35 3 
1 
INTERFACE 73 
33 2 
36 1 
1 
INTERFACE 74 
33 4 
53 4 
-1 
INTERFACE 75 
34 2 
54 2 
-1 
INTERFACE 76 
34 4 
37 3 
1 
INTERFACE 77 
35 1 
36 3 
1 
INTERFACE 78 
35 2 
37 1 
1 
INTERFACE 79 
35 4 
38 3 
1 
INTERFACE 80 
36 2 
40 1 
1 
INTERFACE 81 
37 4 
41 3 
1 
INTERFACE 82 
38 1 
40 3 
1 
INTERFACE 83 
38 2 
41 1 
1 
INTERFACE 84 
39 2 
66 1 
1 
INTERFACE 85 
39 3 
40 4 
1 
INTERFACE 86 
39 4 
41 2 
1 
INTERFACE 87 
42 1 
43 3 
1 
INTERFACE 88 
42 2 
44 1 
1 
INTERFACE 89 
42 3 
52 4 
1 
INTERFACE 90 
42 4 
45 3 
1 
INTERFACE 91 
43 1 
53 2 
1 
INTERFACE 92 
43 2 
47 1 
1 
INTERFACE 93 
43 4 
78 4 
-1 
INTERFACE 94 
44 2 
79 2 
-1 
INTERFACE 95 
44 3 
54 4 
1 
INTERFACE 96 
44 4 
48 3 
1 
INTERFACE 97 
45 1 
47 3 
1 
INTERFACE 98 
45 2 
48 1 
1 
INTERFACE 99 
45 4 
49 3 
1 
INTERFACE 100 
46 1 
74 2 
1 
INTERFACE 101 
46 3 
47 4 
1 
INTERFACE 102 
46 4 
48 2 
1 
INTERFACE 103 
47 2 
50 1 
1 
INTERFACE 104 
48 4 
51 3 
1 
INTERFACE 105 
49 1 
50 3 
1 
INTERFACE 106 
49 2 
51 1 
1 
INTERFACE 107 
49 4 
52 3 
1 
INTERFACE 108 
50 2 
53 1 
1 
INTERFACE 109 
51 4 
54 3 
1 
INTERFACE 110 
52 1 
53 3 
1 
INTERFACE 111 
52 2 
54 1 
1 
INTERFACE 112 
55 1 
57 3 
1 
INTERFACE 113 
55 2 
58 1 
1 
INTERFACE 114 
55 3 
65 4 
1 
INTERFACE 115 
55 4 
59 3 
1 
INTERFACE 116 
56 1 
66 2 
1 
INTERFACE 117 
56 2 
70 1 
1 
INTERFACE 118 
56 3 
57 4 
1 
INTERFACE 119 
56 4 
58 2 
1 
INTERFACE 120 
57 1 
67 2 
1 
INTERFACE 121 
57 2 
60 1 
1 
INTERFACE 122 
58 3 
68 4 
1 
INTERFACE 123 
58 4 
61 3 
1 
INTERFACE 124 
59 1 
60 3 
1 
INTERFACE 125 
59 2 
61 1 
1 
INTERFACE 126 
59 4 
62 3 
1 
INTERFACE 127 
60 2 
63 1 
1 
INTERFACE 128 
60 4 
81 4 
-1 
INTERFACE 129 
61 2 
82 2 
-1 
INTERFACE 130 
61 4 
64 3 
1 
INTERFACE 131 
62 1 
63 3 
1 
INTERFACE 132 
62 2 
64 1 
1 
INTERFACE 133 
62 4 
65 3 
1 
INTERFACE 134 
63 2 
67 1 
1 
INTERFACE 135 
64 4 
68 3 
1 
INTERFACE 136 
65 1 
67 3 
1 
INTERFACE 137 
65 2 
68 1 
1 
INTERFACE 138 
66 3 
67 4 
1 
INTERFACE 139 
66 4 
68 2 
1 
INTERFACE 140 
69 1 
71 3 
1 
INTERFACE 141 
69 2 
72 1 
1 
INTERFACE 142 
69 3 
80 4 
1 
INTERFACE 143 
69 4 
73 3 
1 
INTERFACE 144 
70 2 
74 1 
1 
INTERFACE 145 
70 3 
71 4 
1 
INTERFACE 146 
70 4 
72 2 
1 
INTERFACE 147 
71 1 
81 2 
1 
INTERFACE 148 
71 2 
75 1 
1 
INTERFACE 149 
72 3 
82 4 
1 
INTERFACE 150 
72 4 
76 3 
1 
INTERFACE 151 
73 1 
75 3 
1 
INTERFACE 152 
73 2 
76 1 
1 
INTERFACE 153 
73 4 
77 3 
1 
INTERFACE 154 
74 3 
75 4 
1 
INTERFACE 155 
74 4 
76 2 
1 
INTERFACE 156 
75 2 
78 1 
1 
INTERFACE 157 
76 4 
79 3 
1 
INTERFACE 158 
77 1 
78 3 
1 
INTERFACE 159 
77 2 
79 1 
1 
INTERFACE 160 
77 4 
80 3 
1 
INTERFACE 161 
78 2 
81 1 
1 
INTERFACE 162 
79 4 
82 3 
1 
INTERFACE 163 
80 1 
81 3 
1 
INTERFACE 164 
80 2 
82 1 
1 
