# nurbs mesh v.2.1
# torus.dat
# Generated by BEMBEL, see www.bembel.eu
#
2 3 16 0 0  
PATCH 0  
2 2 
3 3 
0.000000000000000  0.000000000000000  0.000000000000000  1.000000000000000  1.000000000000000  1.000000000000000  
0.000000000000000  0.000000000000000  0.000000000000000  1.000000000000000  1.000000000000000  1.000000000000000  
4.000000000000000  2.500000000000000  2.500000000000000  4.000000000000000  2.500000000000000  2.500000000000000  0.000000000000000  0.000000000000000  0.000000000000000  
0.000000000000000  0.000000000000000  0.000000000000000  4.000000000000000  2.500000000000000  2.500000000000000  8.000000000000000  5.000000000000000  5.000000000000000  
1.000000000000000  0.500000000000000  0.000000000000000  1.000000000000000  0.500000000000000  0.000000000000000  2.000000000000000  1.000000000000000  0.000000000000000  
2.000000000000000  1.000000000000000  1.000000000000000  2.000000000000000  1.000000000000000  1.000000000000000  4.000000000000000  2.000000000000000  2.000000000000000  
PATCH  1  
2  2  
3  3  
0.000000000000000  0.000000000000000  0.000000000000000  1.000000000000000  1.000000000000000  1.000000000000000  
0.000000000000000  0.000000000000000  0.000000000000000  1.000000000000000  1.000000000000000  1.000000000000000  
0.000000000000000  2.500000000000000  2.500000000000000  0.000000000000000  2.500000000000000  2.500000000000000  0.000000000000000  4.000000000000000  4.000000000000000  
5.000000000000000  2.500000000000000  0.000000000000000  5.000000000000000  2.500000000000000  0.000000000000000  8.000000000000000  4.000000000000000  0.000000000000000  
-0.00000000000000  -0.00000000000000  -0.00000000000000  -1.00000000000000  -0.50000000000000  -0.50000000000000  -2.00000000000000  -1.00000000000000  -1.00000000000000  
2.000000000000000  1.000000000000000  1.000000000000000  2.000000000000000  1.000000000000000  1.000000000000000  4.000000000000000  2.000000000000000  2.000000000000000  
PATCH  2  
2  2  
3  3  
0.000000000000000  0.000000000000000  0.000000000000000  1.000000000000000  1.000000000000000  1.000000000000000  
0.000000000000000  0.000000000000000  0.000000000000000  1.000000000000000  1.000000000000000  1.000000000000000  
0.000000000000000  1.500000000000000  1.500000000000000  0.000000000000000  1.500000000000000  1.500000000000000  0.000000000000000  4.000000000000000  4.000000000000000  
3.000000000000000  1.500000000000000  0.000000000000000  3.000000000000000  1.500000000000000  0.000000000000000  8.000000000000000  4.000000000000000  0.000000000000000  
0.000000000000000  0.000000000000000  0.000000000000000  1.000000000000000  0.500000000000000  0.500000000000000  2.000000000000000  1.000000000000000  1.000000000000000  
2.000000000000000  1.000000000000000  1.000000000000000  2.000000000000000  1.000000000000000  1.000000000000000  4.000000000000000  2.000000000000000  2.000000000000000  
PATCH  3  
2  2  
3  3  
0.000000000000000  0.000000000000000  0.000000000000000  1.000000000000000  1.000000000000000  1.000000000000000  
0.000000000000000  0.000000000000000  0.000000000000000  1.000000000000000  1.000000000000000  1.000000000000000  
4.000000000000000  1.500000000000000  1.500000000000000  4.000000000000000  1.500000000000000  1.500000000000000  0.000000000000000  0.000000000000000  0.000000000000000  
0.000000000000000  0.000000000000000  0.000000000000000  4.000000000000000  1.500000000000000  1.500000000000000  8.000000000000000  3.000000000000000  3.000000000000000  
-1.00000000000000  -0.50000000000000  -0.00000000000000  -1.00000000000000  -0.50000000000000  -0.00000000000000  -2.00000000000000  -1.00000000000000  -0.00000000000000  
2.000000000000000  1.000000000000000  1.000000000000000  2.000000000000000  1.000000000000000  1.000000000000000  4.000000000000000  2.000000000000000  2.000000000000000  
PATCH  4  
2  2  
3  3  
0.000000000000000  0.000000000000000  0.000000000000000  1.000000000000000  1.000000000000000  1.000000000000000  
0.000000000000000  0.000000000000000  0.000000000000000  1.000000000000000  1.000000000000000  1.000000000000000  
-0.00000000000000  -2.50000000000000  -2.50000000000000  -0.00000000000000  -2.50000000000000  -2.50000000000000  -0.00000000000000  -4.00000000000000  -4.00000000000000  
5.000000000000000  2.500000000000000  0.000000000000000  5.000000000000000  2.500000000000000  0.000000000000000  8.000000000000000  4.000000000000000  0.000000000000000  
0.000000000000000  0.000000000000000  0.000000000000000  1.000000000000000  0.500000000000000  0.500000000000000  2.000000000000000  1.000000000000000  1.000000000000000  
2.000000000000000  1.000000000000000  1.000000000000000  2.000000000000000  1.000000000000000  1.000000000000000  4.000000000000000  2.000000000000000  2.000000000000000  
PATCH  5  
2  2  
3  3  
0.000000000000000  0.000000000000000  0.000000000000000  1.000000000000000  1.000000000000000  1.000000000000000  
0.000000000000000  0.000000000000000  0.000000000000000  1.000000000000000  1.000000000000000  1.000000000000000  
-4.00000000000000  -2.50000000000000  -2.50000000000000  -4.00000000000000  -2.50000000000000  -2.50000000000000  -0.00000000000000  -0.00000000000000  -0.00000000000000  
0.000000000000000  0.000000000000000  0.000000000000000  4.000000000000000  2.500000000000000  2.500000000000000  8.000000000000000  5.000000000000000  5.000000000000000  
-1.00000000000000  -0.50000000000000  -0.00000000000000  -1.00000000000000  -0.50000000000000  -0.00000000000000  -2.00000000000000  -1.00000000000000  -0.00000000000000  
2.000000000000000  1.000000000000000  1.000000000000000  2.000000000000000  1.000000000000000  1.000000000000000  4.000000000000000  2.000000000000000  2.000000000000000  
PATCH  6  
2  2  
3  3  
0.000000000000000  0.000000000000000  0.000000000000000  1.000000000000000  1.000000000000000  1.000000000000000  
0.000000000000000  0.000000000000000  0.000000000000000  1.000000000000000  1.000000000000000  1.000000000000000  
-4.00000000000000  -1.50000000000000  -1.50000000000000  -4.00000000000000  -1.50000000000000  -1.50000000000000  -0.00000000000000  -0.00000000000000  -0.00000000000000  
0.000000000000000  0.000000000000000  0.000000000000000  4.000000000000000  1.500000000000000  1.500000000000000  8.000000000000000  3.000000000000000  3.000000000000000  
1.000000000000000  0.500000000000000  0.000000000000000  1.000000000000000  0.500000000000000  0.000000000000000  2.000000000000000  1.000000000000000  0.000000000000000  
2.000000000000000  1.000000000000000  1.000000000000000  2.000000000000000  1.000000000000000  1.000000000000000  4.000000000000000  2.000000000000000  2.000000000000000  
PATCH  7  
2  2  
3  3  
0.000000000000000  0.000000000000000  0.000000000000000  1.000000000000000  1.000000000000000  1.000000000000000  
0.000000000000000  0.000000000000000  0.000000000000000  1.000000000000000  1.000000000000000  1.000000000000000  
-0.00000000000000  -1.50000000000000  -1.50000000000000  -0.00000000000000  -1.50000000000000  -1.50000000000000  -0.00000000000000  -4.00000000000000  -4.00000000000000  
3.000000000000000  1.500000000000000  0.000000000000000  3.000000000000000  1.500000000000000  0.000000000000000  8.000000000000000  4.000000000000000  0.000000000000000  
-0.00000000000000  -0.00000000000000  -0.00000000000000  -1.00000000000000  -0.50000000000000  -0.50000000000000  -2.00000000000000  -1.00000000000000  -1.00000000000000  
2.000000000000000  1.000000000000000  1.000000000000000  2.000000000000000  1.000000000000000  1.000000000000000  4.000000000000000  2.000000000000000  2.000000000000000  
PATCH  8  
2  2  
3  3  
0.000000000000000  0.000000000000000  0.000000000000000  1.000000000000000  1.000000000000000  1.000000000000000  
0.000000000000000  0.000000000000000  0.000000000000000  1.000000000000000  1.000000000000000  1.000000000000000  
0.000000000000000  2.500000000000000  2.500000000000000  0.000000000000000  2.500000000000000  2.500000000000000  0.000000000000000  4.000000000000000  4.000000000000000  
-5.00000000000000  -2.50000000000000  -0.00000000000000  -5.00000000000000  -2.50000000000000  -0.00000000000000  -8.00000000000000  -4.00000000000000  -0.00000000000000  
0.000000000000000  0.000000000000000  0.000000000000000  1.000000000000000  0.500000000000000  0.500000000000000  2.000000000000000  1.000000000000000  1.000000000000000  
2.000000000000000  1.000000000000000  1.000000000000000  2.000000000000000  1.000000000000000  1.000000000000000  4.000000000000000  2.000000000000000  2.000000000000000  
PATCH  9  
2  2  
3  3  
0.000000000000000  0.000000000000000  0.000000000000000  1.000000000000000  1.000000000000000  1.000000000000000  
0.000000000000000  0.000000000000000  0.000000000000000  1.000000000000000  1.000000000000000  1.000000000000000  
4.000000000000000  2.500000000000000  2.500000000000000  4.000000000000000  2.500000000000000  2.500000000000000  0.000000000000000  0.000000000000000  0.000000000000000  
-0.00000000000000  -0.00000000000000  -0.00000000000000  -4.00000000000000  -2.50000000000000  -2.50000000000000  -8.00000000000000  -5.00000000000000  -5.00000000000000  
-1.00000000000000  -0.50000000000000  -0.00000000000000  -1.00000000000000  -0.50000000000000  -0.00000000000000  -2.00000000000000  -1.00000000000000  -0.00000000000000  
2.000000000000000  1.000000000000000  1.000000000000000  2.000000000000000  1.000000000000000  1.000000000000000  4.000000000000000  2.000000000000000  2.000000000000000  
PATCH  10  
2  2  
3  3  
0.000000000000000  0.000000000000000  0.000000000000000  1.000000000000000  1.000000000000000  1.000000000000000  
0.000000000000000  0.000000000000000  0.000000000000000  1.000000000000000  1.000000000000000  1.000000000000000  
4.000000000000000  1.500000000000000  1.500000000000000  4.000000000000000  1.500000000000000  1.500000000000000  0.000000000000000  0.000000000000000  0.000000000000000  
-0.00000000000000  -0.00000000000000  -0.00000000000000  -4.00000000000000  -1.50000000000000  -1.50000000000000  -8.00000000000000  -3.00000000000000  -3.00000000000000  
1.000000000000000  0.500000000000000  0.000000000000000  1.000000000000000  0.500000000000000  0.000000000000000  2.000000000000000  1.000000000000000  0.000000000000000  
2.000000000000000  1.000000000000000  1.000000000000000  2.000000000000000  1.000000000000000  1.000000000000000  4.000000000000000  2.000000000000000  2.000000000000000  
PATCH  11  
2  2  
3  3  
0.000000000000000  0.000000000000000  0.000000000000000  1.000000000000000  1.000000000000000  1.000000000000000  
0.000000000000000  0.000000000000000  0.000000000000000  1.000000000000000  1.000000000000000  1.000000000000000  
0.000000000000000  1.500000000000000  1.500000000000000  0.000000000000000  1.500000000000000  1.500000000000000  0.000000000000000  4.000000000000000  4.000000000000000  
-3.00000000000000  -1.50000000000000  -0.00000000000000  -3.00000000000000  -1.50000000000000  -0.00000000000000  -8.00000000000000  -4.00000000000000  -0.00000000000000  
-0.00000000000000  -0.00000000000000  -0.00000000000000  -1.00000000000000  -0.50000000000000  -0.50000000000000  -2.00000000000000  -1.00000000000000  -1.00000000000000  
2.000000000000000  1.000000000000000  1.000000000000000  2.000000000000000  1.000000000000000  1.000000000000000  4.000000000000000  2.000000000000000  2.000000000000000  
PATCH  12  
2  2  
3  3  
0.000000000000000  0.000000000000000  0.000000000000000  1.000000000000000  1.000000000000000  1.000000000000000  
0.000000000000000  0.000000000000000  0.000000000000000  1.000000000000000  1.000000000000000  1.000000000000000  
-4.00000000000000  -2.50000000000000  -2.50000000000000  -4.00000000000000  -2.50000000000000  -2.50000000000000  -0.00000000000000  -0.00000000000000  -0.00000000000000  
-0.00000000000000  -0.00000000000000  -0.00000000000000  -4.00000000000000  -2.50000000000000  -2.50000000000000  -8.00000000000000  -5.00000000000000  -5.00000000000000  
1.000000000000000  0.500000000000000  0.000000000000000  1.000000000000000  0.500000000000000  0.000000000000000  2.000000000000000  1.000000000000000  0.000000000000000  
2.000000000000000  1.000000000000000  1.000000000000000  2.000000000000000  1.000000000000000  1.000000000000000  4.000000000000000  2.000000000000000  2.000000000000000  
PATCH  13  
2  2  
3  3  
0.000000000000000  0.000000000000000  0.000000000000000  1.000000000000000  1.000000000000000  1.000000000000000  
0.000000000000000  0.000000000000000  0.000000000000000  1.000000000000000  1.000000000000000  1.000000000000000  
-0.00000000000000  -2.50000000000000  -2.50000000000000  -0.00000000000000  -2.50000000000000  -2.50000000000000  -0.00000000000000  -4.00000000000000  -4.00000000000000  
-5.00000000000000  -2.50000000000000  -0.00000000000000  -5.00000000000000  -2.50000000000000  -0.00000000000000  -8.00000000000000  -4.00000000000000  -0.00000000000000  
-0.00000000000000  -0.00000000000000  -0.00000000000000  -1.00000000000000  -0.50000000000000  -0.50000000000000  -2.00000000000000  -1.00000000000000  -1.00000000000000  
2.000000000000000  1.000000000000000  1.000000000000000  2.000000000000000  1.000000000000000  1.000000000000000  4.000000000000000  2.000000000000000  2.000000000000000  
PATCH  14  
2  2  
3  3  
0.000000000000000  0.000000000000000  0.000000000000000  1.000000000000000  1.000000000000000  1.000000000000000  
0.000000000000000  0.000000000000000  0.000000000000000  1.000000000000000  1.000000000000000  1.000000000000000  
-0.00000000000000  -1.50000000000000  -1.50000000000000  -0.00000000000000  -1.50000000000000  -1.50000000000000  -0.00000000000000  -4.00000000000000  -4.00000000000000  
-3.00000000000000  -1.50000000000000  -0.00000000000000  -3.00000000000000  -1.50000000000000  -0.00000000000000  -8.00000000000000  -4.00000000000000  -0.00000000000000  
0.000000000000000  0.000000000000000  0.000000000000000  1.000000000000000  0.500000000000000  0.500000000000000  2.000000000000000  1.000000000000000  1.000000000000000  
2.000000000000000  1.000000000000000  1.000000000000000  2.000000000000000  1.000000000000000  1.000000000000000  4.000000000000000  2.000000000000000  2.000000000000000  
PATCH  15  
2  2  
3  3  
0.000000000000000  0.000000000000000  0.000000000000000  1.000000000000000  1.000000000000000  1.000000000000000  
0.000000000000000  0.000000000000000  0.000000000000000  1.000000000000000  1.000000000000000  1.000000000000000  
-4.00000000000000  -1.50000000000000  -1.50000000000000  -4.00000000000000  -1.50000000000000  -1.50000000000000  -0.00000000000000  -0.00000000000000  -0.00000000000000  
-0.00000000000000  -0.00000000000000  -0.00000000000000  -4.00000000000000  -1.50000000000000  -1.50000000000000  -8.00000000000000  -3.00000000000000  -3.00000000000000  
-1.00000000000000  -0.50000000000000  -0.00000000000000  -1.00000000000000  -0.50000000000000  -0.00000000000000  -2.00000000000000  -1.00000000000000  -0.00000000000000  
2.000000000000000  1.000000000000000  1.000000000000000  2.000000000000000  1.000000000000000  1.000000000000000  4.000000000000000  2.000000000000000  2.000000000000000       
