# nurbs mesh v.2.1
# toy_boat.dat
# Generated by BEMBEL, see www.bembel.eu
#
2 3 28 0 0 
PATCH 0 
1 1 
2 2 
0.000000000000000   0.000000000000000   1.000000000000000   1.000000000000000   
0.000000000000000   0.000000000000000   1.000000000000000   1.000000000000000   
0.975000000000008   0.454999999999993   1.949999999999973   0.975000000000008   
-1.300000000000030   -0.000000000000029   -0.000000000000029   1.299999999999972   
-0.325000000000000   -0.325000000000000   -0.650000000000000   -0.325000000000000   
1.000000000000000   1.000000000000000   1.000000000000000   1.000000000000000   
PATCH 1 
2 2 
3 3 
0.000000000000000   0.000000000000000   0.000000000000000   1.000000000000000   1.000000000000000   1.000000000000000   
0.000000000000000   0.000000000000000   0.000000000000000   1.000000000000000   1.000000000000000   1.000000000000000   
1.949999999999973   1.462500000000027   0.975000000000008   3.249999999999974   2.356249999999964   1.462500000000027   4.549999999999975   3.249999999999974   1.949999999999973   
-0.000000000000029   0.649999999999972   1.299999999999972   -0.000000000000029   0.649999999999972   1.299999999999972   -0.000000000000029   0.649999999999972   1.299999999999972   
-0.650000000000000   -0.487500000000000   -0.325000000000000   -0.975000000000000   -0.877500000000000   -0.325000000000000   -0.162500000000000   -0.243750000000000   -0.325000000000000   
1.000000000000000   1.000000000000000   1.000000000000000   1.000000000000000   1.000000000000000   1.000000000000000   1.000000000000000   1.000000000000000   1.000000000000000   
PATCH 2 
2 2 
3 3 
0.000000000000000   0.000000000000000   0.000000000000000   1.000000000000000   1.000000000000000   1.000000000000000   
0.000000000000000   0.000000000000000   0.000000000000000   1.000000000000000   1.000000000000000   1.000000000000000   
0.975000000000008   1.462500000000027   1.949999999999973   1.462500000000027   2.356249999999964   3.249999999999974   1.949999999999973   3.249999999999974   4.549999999999975   
-1.300000000000030   -0.650000000000029   -0.000000000000029   -1.300000000000030   -0.650000000000029   -0.000000000000029   -1.300000000000030   -0.650000000000029   -0.000000000000029   
-0.325000000000000   -0.487500000000000   -0.650000000000000   -0.325000000000000   -0.877500000000000   -0.975000000000000   -0.325000000000000   -0.243750000000000   -0.162500000000000   
1.000000000000000   1.000000000000000   1.000000000000000   1.000000000000000   1.000000000000000   1.000000000000000   1.000000000000000   1.000000000000000   1.000000000000000   
PATCH 3 
1 1 
2 2 
0.000000000000000   0.000000000000000   1.000000000000000   1.000000000000000   
0.000000000000000   0.000000000000000   1.000000000000000   1.000000000000000   
0.975000000000008   1.949999999999973   0.975000000000008   1.949999999999973   
-1.300000000000030   -1.300000000000030   -1.300000000000030   -1.300000000000030   
-0.325000000000000   -0.325000000000000   0.000000000000000   0.000000000000000   
1.000000000000000   1.000000000000000   1.000000000000000   1.000000000000000   
PATCH 4 
1 1 
2 2 
0.000000000000000   0.000000000000000   1.000000000000000   1.000000000000000   
0.000000000000000   0.000000000000000   1.000000000000000   1.000000000000000   
0.975000000000008   0.975000000000008   1.949999999999973   1.949999999999973   
1.299999999999972   1.299999999999972   1.299999999999972   1.299999999999972   
-0.325000000000000   0.000000000000000   -0.325000000000000   0.000000000000000   
1.000000000000000   1.000000000000000   1.000000000000000   1.000000000000000   
PATCH 5 
1 1 
2 2 
0.000000000000000   0.000000000000000   1.000000000000000   1.000000000000000   
0.000000000000000   0.000000000000000   1.000000000000000   1.000000000000000   
1.949999999999973   4.549999999999975   1.949999999999973   4.549999999999975   
-1.300000000000030   -0.000000000000029   -1.300000000000030   -0.000000000000029   
-0.325000000000000   -0.162500000000000   0.000000000000000   0.000000000000000   
1.000000000000000   1.000000000000000   1.000000000000000   1.000000000000000   
PATCH 6 
1 1 
2 2 
0.000000000000000   0.000000000000000   1.000000000000000   1.000000000000000   
0.000000000000000   0.000000000000000   1.000000000000000   1.000000000000000   
4.549999999999975   1.949999999999973   4.549999999999975   1.949999999999973   
-0.000000000000029   1.299999999999972   -0.000000000000029   1.299999999999972   
-0.162500000000000   -0.325000000000000   0.000000000000000   0.000000000000000   
1.000000000000000   1.000000000000000   1.000000000000000   1.000000000000000   
PATCH 7 
1 1 
2 2 
0.000000000000000   0.000000000000000   1.000000000000000   1.000000000000000   
0.000000000000000   0.000000000000000   1.000000000000000   1.000000000000000   
0.975000000000008   0.975000000000008   0.454999999999993   0.519999999999986   
-1.300000000000030   -1.300000000000030   -0.000000000000029   -0.000000000000029   
-0.325000000000000   0.000000000000000   -0.325000000000000   0.000000000000000   
1.000000000000000   1.000000000000000   1.000000000000000   1.000000000000000   
PATCH 8 
1 1 
2 2 
0.000000000000000   0.000000000000000   1.000000000000000   1.000000000000000   
0.000000000000000   0.000000000000000   1.000000000000000   1.000000000000000   
0.454999999999993   0.519999999999986   0.975000000000008   0.975000000000008   
-0.000000000000029   -0.000000000000029   1.299999999999972   1.299999999999972   
-0.325000000000000   0.000000000000000   -0.325000000000000   0.000000000000000   
1.000000000000000   1.000000000000000   1.000000000000000   1.000000000000000   
PATCH 9 
1 1 
2 2 
0.000000000000000   0.000000000000000   1.000000000000000   1.000000000000000   
0.000000000000000   0.000000000000000   1.000000000000000   1.000000000000000   
0.975000000000008   1.949999999999973   1.949999999999973   4.549999999999975   
-1.300000000000030   -1.300000000000030   -0.000000000000029   -0.000000000000029   
0.000000000000000   0.000000000000000   0.162500000000000   0.000000000000000   
1.000000000000000   1.000000000000000   1.000000000000000   1.000000000000000   
PATCH 10 
1 1 
2 2 
0.000000000000000   0.000000000000000   1.000000000000000   1.000000000000000   
0.000000000000000   0.000000000000000   1.000000000000000   1.000000000000000   
1.949999999999973   4.549999999999975   0.975000000000008   1.949999999999973   
-0.000000000000029   -0.000000000000029   1.299999999999972   1.299999999999972   
0.162500000000000   0.000000000000000   0.000000000000000   0.000000000000000   
1.000000000000000   1.000000000000000   1.000000000000000   1.000000000000000   
PATCH 11 
1 1 
2 2 
0.000000000000000   0.000000000000000   1.000000000000000   1.000000000000000   
0.000000000000000   0.000000000000000   1.000000000000000   1.000000000000000   
0.975000000000008   0.975000000000008   0.519999999999986   0.454999999999993   
-1.300000000000030   -0.974999999999994   -0.000000000000029   -0.000000000000029   
0.000000000000000   0.325000000000000   0.000000000000000   0.325000000000000   
1.000000000000000   1.000000000000000   1.000000000000000   1.000000000000000   
PATCH 12 
1 1 
2 2 
0.000000000000000   0.000000000000000   1.000000000000000   1.000000000000000   
0.000000000000000   0.000000000000000   1.000000000000000   1.000000000000000   
0.519999999999986   0.454999999999993   0.975000000000008   0.975000000000008   
-0.000000000000029   -0.000000000000029   1.299999999999972   0.975000000000008   
0.000000000000000   0.325000000000000   0.000000000000000   0.325000000000000   
1.000000000000000   1.000000000000000   1.000000000000000   1.000000000000000   
PATCH 13 
1 1 
2 2 
0.000000000000000   0.000000000000000   1.000000000000000   1.000000000000000   
0.000000000000000   0.000000000000000   1.000000000000000   1.000000000000000   
1.949999999999973   0.975000000000008   1.884999999999980   0.975000000000008   
-0.000000000000029   1.299999999999972   -0.000000000000029   0.975000000000008   
0.162500000000000   0.000000000000000   0.325000000000000   0.325000000000000   
1.000000000000000   1.000000000000000   1.000000000000000   1.000000000000000   
PATCH 14 
1 1 
2 2 
0.000000000000000   0.000000000000000   1.000000000000000   1.000000000000000   
0.000000000000000   0.000000000000000   1.000000000000000   1.000000000000000   
0.975000000000008   1.949999999999973   0.975000000000008   1.884999999999980   
-1.300000000000030   -0.000000000000029   -0.974999999999994   -0.000000000000029   
0.000000000000000   0.162500000000000   0.325000000000000   0.325000000000000   
1.000000000000000   1.000000000000000   1.000000000000000   1.000000000000000   
PATCH 15 
1 1 
2 2 
0.000000000000000   0.000000000000000   1.000000000000000   1.000000000000000   
0.000000000000000   0.000000000000000   1.000000000000000   1.000000000000000   
0.975000000000008   0.975000000000008   0.454999999999993   0.565499999999995   
-0.974999999999994   -0.389999999999986   -0.000000000000029   -0.000000000000029   
0.325000000000000   0.325000000000000   0.325000000000000   0.325000000000000   
1.000000000000000   1.000000000000000   1.000000000000000   1.000000000000000   
PATCH 16 
1 1 
2 2 
0.000000000000000   0.000000000000000   1.000000000000000   1.000000000000000   
0.000000000000000   0.000000000000000   1.000000000000000   1.000000000000000   
0.975000000000008   1.884999999999980   0.975000000000008   1.384500000000021   
-0.974999999999994   -0.000000000000029   -0.389999999999986   -0.000000000000029   
0.325000000000000   0.325000000000000   0.325000000000000   0.325000000000000   
1.000000000000000   1.000000000000000   1.000000000000000   1.000000000000000   
PATCH 17 
1 1 
2 2 
0.000000000000000   0.000000000000000   1.000000000000000   1.000000000000000   
0.000000000000000   0.000000000000000   1.000000000000000   1.000000000000000   
1.884999999999980   0.975000000000008   1.384500000000021   0.975000000000008   
-0.000000000000029   0.975000000000008   -0.000000000000029   0.390000000000000   
0.325000000000000   0.325000000000000   0.325000000000000   0.325000000000000   
1.000000000000000   1.000000000000000   1.000000000000000   1.000000000000000   
PATCH 18 
1 1 
2 2 
0.000000000000000   0.000000000000000   1.000000000000000   1.000000000000000   
0.000000000000000   0.000000000000000   1.000000000000000   1.000000000000000   
0.454999999999993   0.565499999999995   0.975000000000008   0.975000000000008   
-0.000000000000029   -0.000000000000029   0.975000000000008   0.390000000000000   
0.325000000000000   0.325000000000000   0.325000000000000   0.325000000000000   
1.000000000000000   1.000000000000000   1.000000000000000   1.000000000000000   
PATCH 19 
1 1 
2 2 
0.000000000000000   0.000000000000000   1.000000000000000   1.000000000000000   
0.000000000000000   0.000000000000000   1.000000000000000   1.000000000000000   
0.975000000000008   0.975000000000008   0.565499999999995   0.565499999999995   
-0.389999999999986   -0.389999999999986   -0.000000000000029   -0.000000000000029   
0.325000000000000   0.455000000000000   0.325000000000000   0.455000000000000   
1.000000000000000   1.000000000000000   1.000000000000000   1.000000000000000   
PATCH 20 
1 1 
2 2 
0.000000000000000   0.000000000000000   1.000000000000000   1.000000000000000   
0.000000000000000   0.000000000000000   1.000000000000000   1.000000000000000   
0.975000000000008   1.384500000000021   0.975000000000008   1.384500000000021   
-0.389999999999986   -0.000000000000029   -0.389999999999986   -0.000000000000029   
0.325000000000000   0.325000000000000   0.455000000000000   0.455000000000000   
1.000000000000000   1.000000000000000   1.000000000000000   1.000000000000000   
PATCH 21 
1 1 
2 2 
0.000000000000000   0.000000000000000   1.000000000000000   1.000000000000000   
0.000000000000000   0.000000000000000   1.000000000000000   1.000000000000000   
1.384500000000021   0.975000000000008   1.384500000000021   0.975000000000008   
-0.000000000000029   0.390000000000000   -0.000000000000029   0.390000000000000   
0.325000000000000   0.325000000000000   0.455000000000000   0.455000000000000   
1.000000000000000   1.000000000000000   1.000000000000000   1.000000000000000   
PATCH 22 
1 1 
2 2 
0.000000000000000   0.000000000000000   1.000000000000000   1.000000000000000   
0.000000000000000   0.000000000000000   1.000000000000000   1.000000000000000   
0.565499999999995   0.565499999999995   0.975000000000008   0.975000000000008   
-0.000000000000029   -0.000000000000029   0.390000000000000   0.390000000000000   
0.325000000000000   0.455000000000000   0.325000000000000   0.455000000000000   
1.000000000000000   1.000000000000000   1.000000000000000   1.000000000000000   
PATCH 23 
2 2 
3 3 
0.000000000000000   0.000000000000000   0.000000000000000   1.000000000000000   1.000000000000000   1.000000000000000   
0.000000000000000   0.000000000000000   0.000000000000000   1.000000000000000   1.000000000000000   1.000000000000000   
0.975000000000008   1.179750000000050   1.384500000000021   0.770249999999966   0.975000000000008   1.179750000000050   0.565499999999995   0.770249999999966   0.975000000000008   
-0.715000000000022   -0.357500000000062   -0.000000000000029   -0.357500000000062   -0.000000000000029   0.357500000000004   -0.000000000000029   0.357500000000004   0.714999999999965   
0.585000000000000   0.585000000000000   0.585000000000000   0.585000000000000   1.040000000000000   0.585000000000000   0.585000000000000   0.585000000000000   0.585000000000000   
1.000000000000000   1.000000000000000   1.000000000000000   1.000000000000000   1.000000000000000   1.000000000000000   1.000000000000000   1.000000000000000   1.000000000000000   
PATCH 24 
1 1 
2 2 
0.000000000000000   0.000000000000000   1.000000000000000   1.000000000000000   
0.000000000000000   0.000000000000000   1.000000000000000   1.000000000000000   
0.975000000000008   0.975000000000008   0.565499999999995   0.565499999999995   
-0.389999999999986   -0.715000000000022   -0.000000000000029   -0.000000000000029   
0.455000000000000   0.585000000000000   0.455000000000000   0.585000000000000   
1.000000000000000   1.000000000000000   1.000000000000000   1.000000000000000   
PATCH 25 
1 1 
2 2 
0.000000000000000   0.000000000000000   1.000000000000000   1.000000000000000   
0.000000000000000   0.000000000000000   1.000000000000000   1.000000000000000   
0.975000000000008   1.384500000000021   0.975000000000008   1.384500000000021   
-0.389999999999986   -0.000000000000029   -0.715000000000022   -0.000000000000029   
0.455000000000000   0.455000000000000   0.585000000000000   0.585000000000000   
1.000000000000000   1.000000000000000   1.000000000000000   1.000000000000000   
PATCH 26 
1 1 
2 2 
0.000000000000000   0.000000000000000   1.000000000000000   1.000000000000000   
0.000000000000000   0.000000000000000   1.000000000000000   1.000000000000000   
1.384500000000021   0.975000000000008   1.384500000000021   0.975000000000008   
-0.000000000000029   0.390000000000000   -0.000000000000029   0.714999999999965   
0.455000000000000   0.455000000000000   0.585000000000000   0.585000000000000   
1.000000000000000   1.000000000000000   1.000000000000000   1.000000000000000   
PATCH 27 
1 1 
2 2 
0.000000000000000   0.000000000000000   1.000000000000000   1.000000000000000   
0.000000000000000   0.000000000000000   1.000000000000000   1.000000000000000   
0.565499999999995   0.565499999999995   0.975000000000008   0.975000000000008   
-0.000000000000029   -0.000000000000029   0.390000000000000   0.714999999999965   
0.455000000000000   0.585000000000000   0.455000000000000   0.585000000000000   
1.000000000000000   1.000000000000000   1.000000000000000   1.000000000000000   
